0.00000000 2.11690426 1.75650093 1.53743774 1.44858537 1.43037576 1.46820467 1.47541936 1.55593935 1.41260981 1.36492110 1.39356863 1.37413279 1.39212817 1.50262386 1.36875206 1.45447765 1.46151932 1.43264145 1.37186727 1.36592159 1.35515469 1.29828591 1.34810191 1.32854415 1.35001174 1.28032244 1.24399654 1.36043287 1.28103230 1.37440101 1.37711657 1.38152083 1.28899029 1.30873028 1.24827606 1.01469794 1.30424776 1.30875289 1.29899943 0.94466005 1.30612111 1.33663048 1.30982882 1.03650667 0.99338931 1.30560863 1.38934504 1.00081591 1.26159796 1.34643751 1.29376252 1.42500093 1.28879238 1.32510872 1.35991378 1.32198354 1.33310465 1.29418745 1.28249501 1.28344296 1.31849814 1.35795210 1.30570913 1.34592032 1.23859613 1.25184840 1.04539154 1.25416402 1.27874766 1.37436874 1.38392110 1.29869077 1.37571504 1.26173850 1.38330012 1.31646280 1.25814991 1.27668750 1.37536785 1.30734316 1.25774208 1.27841403 1.23419588 1.05355133 1.02944505 1.39406932 1.28107189 1.28890244 1.33378109 1.28670513 1.28821751 1.34284981 1.33228476 1.36871687 1.32381945 1.34508476 
2.11690426 0.00000000 2.08568264 1.68017957 1.54098147 1.73852019 1.46749640 1.59290292 1.71665584 1.50298034 1.58267028 1.56887194 1.58808883 1.62884929 1.58844967 1.51948366 1.61785245 1.55358252 1.48671053 1.41099900 1.47996941 1.43416803 1.47288691 1.33947564 1.40284019 1.31265638 0.86786129 0.90817072 1.37680336 1.40580461 1.34840828 1.29785829 0.85749828 1.44284702 1.40192343 1.37301743 1.40862101 0.84076732 1.39776473 0.85287861 0.75131997 1.30790966 0.74703238 1.40455016 0.88982808 0.82480550 1.37830664 1.37979778 0.83600508 1.44235107 1.45103688 1.40154447 1.46914746 1.32492677 1.44107015 1.46330401 1.35789162 0.84667679 0.77281117 1.38776199 1.45642052 1.42007519 0.85412015 0.94690531 1.41940638 1.36207017 1.39903052 0.90322679 1.39089956 1.42934867 1.35170703 1.34018737 0.81488185 0.88848233 1.33348099 0.89504500 1.35207045 0.84436891 1.39291633 1.34797442 0.97668841 1.53035186 1.45262813 1.37628946 1.38609278 1.31253313 1.41135223 1.44614057 1.34518845 1.31635312 1.32771403 1.28149688 1.49301359 1.42352820 1.36481577 1.39081874 1.38509034 
1.75650093 2.08568264 0.00000000 1.78583524 1.93779351 1.79525369 1.82050914 1.99501187 1.90756604 1.64071883 1.64103407 1.72391413 1.54542762 1.69772878 1.58465966 1.60555526 1.57964670 1.68090837 1.54896613 1.70485491 1.55750822 1.43780129 1.34966856 1.40606193 1.40707493 1.44344655 1.44427586 1.44844120 0.83189046 1.46373033 1.41477436 1.38588123 1.53177505 1.45520784 1.44067978 1.36588476 1.57336460 0.81821524 1.33088408 0.83089033 0.72460399 1.28066483 0.72011681 1.32770015 1.45734892 0.80151038 1.30414270 0.80352885 1.46895596 0.77121650 0.89659010 1.48999242 1.44904022 1.28199993 1.50642563 0.88191337 1.53900081 0.82439980 1.47115158 0.79078802 0.76114394 0.74215628 0.83218966 0.92929410 0.80755023 1.38983547 1.37188729 0.88358229 1.38022530 1.39359255 0.80817678 1.40352811 0.79112477 1.49444934 1.37901026 0.87501962 1.30761450 0.82198449 0.88383877 0.77768336 1.34987482 1.49107254 1.64252535 1.43547679 1.40855652 1.49762901 1.40845850 1.47838230 1.34016995 1.39443457 1.46410385 1.00964937 1.38387242 1.35215247 1.34423591 1.34011825 1.33202103 
1.53743774 1.68017957 1.78583524 0.00000000 1.68640861 1.93249783 1.78968876 1.72198394 1.88315859 1.75660829 1.74229088 1.64600432 1.69492020 1.77077010 1.98974034 1.61420574 2.08235810 1.66472589 1.62634132 1.60523665 1.53202197 1.41778898 1.46938751 1.42062757 1.36141995 1.38112127 0.72652133 0.77928772 0.70815948 1.46721887 1.46364433 0.79169396 0.71295581 1.42954313 1.48641441 0.70118744 1.50913507 1.44392110 1.29887014 1.50934229 1.43500718 1.26927332 0.56835227 1.29437431 0.75527659 1.38463787 1.31110603 1.46829191 1.42608506 1.46064085 1.46445581 1.47048666 1.55353383 1.32457215 1.48740235 0.77072846 0.64816297 1.52937711 1.47801261 0.65674828 0.61966928 1.49464911 0.70853372 0.82999258 0.67771456 1.51439578 1.47167795 0.77281595 1.48994817 1.45484004 1.52299575 1.41678048 0.65716949 0.75351496 0.90533243 0.76210571 1.30826250 1.42521215 0.77313676 0.64035689 1.37394540 1.46794067 1.48860745 1.46271135 1.45375976 1.49727691 1.34151746 1.46349264 1.32904910 1.36276536 1.41295309 1.35193240 1.42231310 1.39965581 1.34734724 1.31628128 1.34678563 
1.44858537 1.54098147 1.93779351 1.68640861 0.00000000 1.88690889 1.83034467 1.80382312 1.88438952 1.73904997 1.81712527 1.80038657 1.83312098 1.64414061 1.59537447 1.58205925 1.47614892 1.90090276 1.51556126 1.49481653 1.43168351 1.41088828 1.37131398 1.49857794 1.35007294 1.32143611 1.45155679 1.37926526 1.47168878 1.34075217 1.40033445 1.35503182 1.45566484 0.67868737 1.39743721 1.33363652 1.44529311 0.79250002 1.34469813 0.80581799 1.39822378 1.34797625 0.68942608 1.30512395 0.84644880 1.38857142 1.32363153 1.45200209 0.78726332 1.36677917 1.42129424 1.33856678 1.50637879 1.37925042 1.42041925 0.85942890 0.75646975 1.47114090 1.41229864 1.48212539 0.73253409 0.71258339 0.80718322 0.90921275 0.78129409 1.40914804 1.40834694 1.46424386 0.76491928 1.32555073 1.40738990 0.94231201 0.76403553 0.84496897 0.97250077 1.45108975 1.35983619 0.79646045 1.42429093 1.38770266 1.52846517 1.41114545 1.39101530 1.38248949 1.50108073 0.83473863 1.49318769 1.37100875 0.95979820 1.28884149 1.33577491 1.28592899 1.40231440 1.30745553 1.28887757 1.28758427 1.35648916 
1.43037576 1.73852019 1.79525369 1.93249783 1.88690889 0.00000000 1.92192321 2.28242658 1.95261804 1.89797620 1.81001841 1.80207757 1.92440451 1.90120781 2.19061218 1.62435692 1.65187394 1.72358722 1.64750824 1.54487814 1.64093095 1.60926408 1.55296228 1.47656169 1.46616049 1.56624907 0.78219768 1.49693971 1.66044796 1.51741710 1.44230074 1.42664041 1.57187476 1.53676847 1.51081133 0.75921971 1.63124380 0.75002902 1.35049060 0.76440876 1.65536110 1.33174343 0.63873758 1.32602494 0.80827884 0.73107757 1.33462383 0.73336750 1.60535332 1.58408492 1.49439417 0.74469226 1.51930641 1.32736053 1.57390164 1.48731896 0.71112626 0.75704533 0.66934473 0.71891319 0.68528235 0.66374108 0.76588283 0.87604660 0.73792970 1.50070996 1.47772412 0.82418713 1.48025228 1.48171865 0.73864051 0.91178468 0.71929522 0.80668103 1.44587532 0.81447288 1.31340368 0.75430520 1.48132623 0.70404611 0.91140807 1.52153142 0.87027660 1.33346304 0.83879717 1.63632190 1.50605928 1.49403930 0.93066494 1.42823868 1.52759761 1.34178542 1.54438725 1.46757388 1.35410536 1.35290980 1.37841898 
1.46820467 1.46749640 1.82050914 1.78968876 1.83034467 1.92192321 0.00000000 2.23027890 2.08660130 2.06165130 1.71176169 1.98218845 1.73387738 1.83836129 1.82599314 1.95085987 1.71099665 1.75008727 1.53131214 1.53206078 1.51904032 1.63379488 1.44369492 1.61091143 0.95736995 1.46672916 1.43554918 1.64122381 0.78149482 1.48840280 0.72437845 1.42907971 1.48208224 1.56350903 0.81472947 0.77535138 0.78507683 0.76642263 1.32903541 0.78039253 1.51986724 1.31884449 0.65830311 1.33420091 0.82301227 1.48925697 1.31853917 1.58567879 0.76092958 0.71462281 0.85280376 1.51473268 0.79250969 1.36481342 1.44639688 0.83662775 1.45815507 0.77323897 1.49905972 0.73619363 0.70352131 0.68259399 1.66621806 1.51270516 0.75466816 1.45500170 1.43602152 0.83846716 1.48647512 1.49471826 0.75535871 1.40343070 1.56168015 0.82146000 0.95523462 0.82902978 1.34808934 1.48509366 0.83874983 0.72175028 1.42751303 0.75241695 1.49139203 0.89332636 1.52441543 1.48076634 1.48541038 1.54172701 1.55719376 1.52927466 1.49755352 1.34445315 1.40959220 1.41730203 1.30127720 1.32094737 1.33162643 
1.47541936 1.59290292 1.99501187 1.72198394 1.80382312 2.28242658 2.23027890 0.00000000 2.50906464 2.19936278 2.12246875 1.81004256 2.09202149 1.90064810 1.79268369 1.86211593 1.81451059 1.73452790 1.72920563 1.62305218 1.57309730 1.63975160 1.53850437 1.56084634 1.41981519 1.43981855 1.50013011 0.73026905 0.65275431 1.53495500 0.58211428 1.41890304 1.56760673 0.48646254 1.58473930 0.64515626 1.62460838 1.61147201 1.29741428 1.62987942 0.50651057 1.35316657 0.50039403 1.31490291 0.70410199 0.61134278 1.30348972 1.68119929 1.56879724 1.59522171 0.74094733 1.52201942 1.59433544 1.33217158 1.58237939 0.72094127 1.63018731 0.64254369 0.53716927 0.59672698 0.55631871 1.72478753 0.65316216 0.78552662 0.61957579 1.55826634 1.54763024 0.72321619 0.59833250 1.49493762 1.53296463 0.82846679 0.59718600 0.70218218 0.86763111 0.71154429 1.27675979 0.63925134 1.55016730 1.58892973 0.82801428 1.60699647 1.45575903 0.79106461 0.74077052 1.73478932 1.45788639 1.71691210 0.85115188 1.48412161 1.46211650 1.45798259 1.48408519 1.46925560 1.49433477 1.31320683 1.41472001 
1.55593935 1.71665584 1.90756604 1.88315859 1.88438952 1.95261804 2.08660130 2.50906464 0.00000000 2.61454132 2.35395463 2.11015744 2.06281708 2.18424871 1.92420935 1.76074430 1.78872591 1.93019175 1.75200481 1.54258450 1.59205382 1.59578309 1.61786543 1.52437103 1.44895678 1.48862414 0.55728476 1.54634749 1.65025765 1.56946209 1.47928828 1.40515219 1.48000057 1.52088375 1.58399059 0.52478966 1.71427419 1.60708828 1.29840021 0.53212793 0.36160475 1.32842271 0.35440563 1.26320989 0.59416834 1.60911617 1.29173019 0.48822985 0.50379624 0.43638870 1.64945493 1.66050386 1.54064678 0.96908447 1.53756687 1.60136180 0.45677663 0.52171469 1.55317141 0.46778878 0.42022855 0.38976521 0.53421254 0.69000450 1.68246322 1.50443950 1.48959875 0.61666560 0.46967846 1.50059171 1.58499923 0.74054475 0.46832904 0.59190874 0.78664087 1.75009414 1.31227553 0.51783962 1.68277576 1.54048745 0.74001216 0.49140462 1.51499593 1.39064382 1.61410057 1.54237538 1.52036991 0.69592433 1.54163876 1.40828362 1.40893732 1.37135965 1.47153999 1.44218510 1.31872194 1.32121709 1.35477172 
1.41260981 1.50298034 1.64071883 1.75660829 1.73904997 1.89797620 2.06165130 2.19936278 2.61454132 0.00000000 2.50039216 2.46657777 2.15347826 2.00793570 1.92218640 1.75394331 1.83225315 1.82415990 1.64314179 1.64237114 1.62117426 1.72974937 1.50399781 1.47535077 1.49736015 1.47747574 1.51306815 1.57571899 0.64270814 1.49308163 1.51643143 1.61176409 1.51935430 1.57934139 1.60084163 0.63499658 0.64720446 1.61002718 1.33198956 0.64132449 0.49427964 1.36748087 1.68456328 1.33580342 0.69482292 1.59771148 1.34216620 0.60347048 1.63890331 0.55876703 1.59980606 0.61728073 1.51324595 1.36324194 1.61861672 1.53544956 0.57634786 0.63234498 0.52539635 0.58584381 0.54483187 0.51856285 0.64312208 0.77746397 1.61346549 1.60166754 0.58915606 1.66387015 1.60020181 0.64526488 1.56228075 0.82104563 0.58630969 1.65917990 0.86079504 0.70237640 1.34216918 0.62900345 1.51334529 0.56771379 1.43761248 0.60620813 1.46107299 0.78308469 1.50044982 1.55538192 1.51677192 1.57438296 0.84406962 1.41985296 1.43622017 0.88863375 1.36186205 1.47735808 1.34789344 1.06433929 1.30499830 
1.36492110 1.58267028 1.64103407 1.74229088 1.81712527 1.81001841 1.71176169 2.12246875 2.35395463 2.50039216 0.00000000 2.22443261 2.54127797 2.08074893 1.91743007 1.75531770 1.78120680 1.83032293 1.70217063 1.59870188 1.69020379 1.60461454 1.51899334 1.49886665 1.42818537 1.45771939 1.48356809 1.48382579 1.57690099 1.60167437 1.43524518 1.37325876 1.48937852 1.49628994 0.61754550 0.56295717 1.66625851 1.56810646 1.31814732 0.56994552 1.58262005 1.30673849 1.62688239 1.31348664 0.62902763 0.52505669 1.30995683 0.52814066 1.63168305 1.46229360 0.67032643 1.50537395 1.53394126 1.39869474 1.50951368 0.64790225 1.51358670 0.56002882 1.53997672 0.50867429 0.46338190 0.43437117 1.67027723 0.72029398 1.59479180 1.51636457 1.45796143 0.65045214 1.57555442 0.57429718 1.50943838 1.46368108 0.50918879 0.62687577 0.81232238 0.63736947 1.32902314 0.55633854 0.65084401 0.48865203 0.76791709 1.58837760 1.44355028 0.72650135 0.67012825 1.52804190 1.43815354 1.49420354 1.38887915 1.40776469 1.38992228 0.84306663 1.57178072 1.42010604 1.40712581 1.31995897 1.33732270 
1.39356863 1.56887194 1.72391413 1.64600432 1.80038657 1.80207757 1.98218845 1.81004256 2.11015744 2.46657777 2.22443261 0.00000000 2.52197296 2.20674102 2.10225242 1.85035473 1.67031394 1.83987605 1.74689567 1.62802209 1.67991418 1.76590986 1.48678620 1.64710084 1.41489337 0.65480310 0.67866416 0.73564843 0.65883455 1.56762722 1.44388367 1.52138334 1.51249280 1.49197653 0.69956664 0.65130520 0.66322463 0.64036221 1.32137840 1.53806789 1.59211932 1.07595216 1.74909678 1.31975901 0.70971797 1.53896839 1.31979131 0.62052399 0.63362998 1.65022262 1.55188780 1.63432894 1.53023498 1.33111321 1.52812703 0.72640499 1.51235657 0.64871626 1.55592922 0.60331381 0.56327090 1.60737516 0.65923872 0.79040638 0.62595603 1.53740193 0.60654780 0.72865934 0.60490481 1.53666354 1.60088785 0.83295830 0.60376868 0.70781552 0.87176851 0.71709298 1.31826600 0.64545368 1.58341184 1.53874669 1.47889189 1.55249196 1.45783434 1.43620251 1.50664376 0.69466354 1.49937891 1.56650403 1.40601772 0.82842946 1.48432018 1.39269429 1.43209447 1.46711944 1.39527194 1.34752962 1.35264413 
1.37413279 1.58808883 1.54542762 1.69492020 1.83312098 1.92440451 1.73387738 2.09202149 2.06281708 2.15347826 2.54127797 2.52197296 0.00000000 2.25375815 2.05676110 1.76920663 1.87562403 1.88545267 1.68937338 1.59893042 1.71313651 1.71170553 1.50289145 1.50824004 1.63205716 1.53594129 1.51962980 0.64996337 1.60166827 1.63406202 1.50197807 1.43831399 1.52255523 1.59456731 1.58273696 0.55336223 0.56701395 0.54082885 1.32218734 1.56855920 1.63697264 1.03972471 0.38906029 1.29299653 0.62026434 0.51498468 1.29777621 1.61418559 1.57802508 1.49511251 0.66208298 1.51776616 1.60062166 1.33890974 1.68663277 0.63937654 0.48777701 0.55039702 0.43079937 1.62015425 0.45253357 0.42315766 1.67273499 0.71267950 1.58515509 0.54097932 0.50210006 0.64195853 0.50021829 1.56394237 1.51346032 1.55497831 0.49891705 1.57349560 0.80586629 0.62871118 1.28334693 0.54666028 1.51272774 1.59079595 0.76090206 1.56431188 1.44576868 0.71896500 1.46454599 1.63306839 1.43371436 1.62775527 0.78716273 1.45980388 1.52663216 1.44076478 0.87180059 1.51097639 1.32247044 1.38507255 1.35518097 
1.39212817 1.62884929 1.69772878 1.77077010 1.64414061 1.90120781 1.83836129 1.90064810 2.18424871 2.00793570 2.08074893 2.20674102 2.25375815 0.00000000 2.39816948 2.01465268 1.95269983 1.87326816 1.83727217 1.81243856 1.77262524 1.74309753 1.63041199 1.65903173 1.55546607 1.47262953 1.65514083 0.66036591 0.57374370 1.63497121 1.67066254 1.47032227 1.80926875 1.56127160 0.61967685 1.52864502 1.73796132 0.55291263 1.31792408 0.57222024 0.41031730 1.32622419 0.40348211 1.29064461 0.63112440 0.52746660 1.30894579 0.53054128 1.71347940 1.56267281 1.59120844 1.58789452 1.64098272 1.36172254 1.68325934 1.68134627 0.50067807 0.56233340 0.44457819 0.51113354 0.46597756 0.43705420 0.57419947 0.72211588 1.64498723 1.63650107 1.50637696 0.65248439 0.51292769 1.53149064 1.60331505 0.77010124 0.51164649 1.66606003 0.81386711 0.63944112 1.33442897 0.55865423 0.65287507 0.49117158 1.51212175 1.80102708 0.71436851 1.42660036 1.53865874 1.55592955 0.86468533 1.56596859 1.44373895 1.46943467 1.61772336 1.49074530 1.48456320 1.51118877 1.44506951 1.39883253 1.37410373 
1.50262386 1.58844967 1.58465966 1.98974034 1.59537447 2.19061218 1.82599314 1.79268369 1.92420935 1.92218640 1.91743007 2.10225242 2.05676110 2.39816948 0.00000000 2.27585614 2.16089186 1.91638651 1.89899712 1.76200665 1.81440109 1.75230370 1.54920036 1.59468581 1.43498463 1.43686348 0.60904356 1.54242035 1.64927337 1.51759904 1.56040678 1.45385643 1.55510856 1.58007277 0.63219679 0.57873863 0.59194152 0.56661730 1.33364012 0.58558230 1.60281869 1.41228989 0.41983843 1.36187061 0.64344120 1.53460026 1.34973435 0.54464294 0.55916015 1.54786447 1.52155993 0.55957881 1.55827837 1.37686373 1.55763189 0.66192506 1.52973590 0.57587090 0.46020526 0.52557958 0.48122490 1.67404270 0.58752641 1.67287873 0.55065988 0.56676283 1.47972443 0.66442216 1.58364186 1.47147111 1.52297121 0.77995189 0.52608343 0.64133390 0.82294114 0.65161034 1.31167880 0.57225702 0.66480591 1.54592036 1.45904330 1.70662314 1.43564357 1.42827442 1.50369198 1.52227888 1.52130517 1.47740286 1.44756503 1.53994539 1.43495232 1.40182554 1.49702720 1.47095173 1.40130681 1.40596755 1.31064925 
1.36875206 1.51948366 1.60555526 1.61420574 1.58205925 1.62435692 1.95085987 1.86211593 1.76074430 1.75394331 1.75531770 1.85035473 1.76920663 2.01465268 2.27585614 0.00000000 2.09594090 2.13958180 1.81033793 1.76938695 1.75075147 1.86632616 1.60998299 1.65224767 1.45188394 1.47122694 2.03232091 1.78065016 1.60906374 1.64347881 1.74054337 1.49604270 1.66956417 1.60712111 1.63663284 0.60964446 0.62230074 1.64772209 1.34924611 1.56645658 0.46375896 1.39545201 0.45732303 1.35359825 1.64697735 0.57406531 1.36939636 0.57696040 0.59087658 0.53061499 0.71043756 1.48996218 1.48086471 1.36382168 1.53788873 1.59503968 0.54884156 0.60689547 0.49601860 1.62582977 0.51616799 1.64883493 0.61806841 0.75734470 1.54055624 0.59816448 0.56212021 0.69178054 1.52378184 0.62028991 0.58362688 0.80252712 1.61268687 0.66964818 0.84373654 0.67949915 1.36730502 1.70649052 1.52888491 0.53989037 1.47303334 0.57979861 1.45899033 1.36041102 1.55109651 1.55748627 1.52679085 1.46661687 1.44933856 0.79771832 1.40622518 1.39417445 1.37181702 1.44063804 1.37629087 1.39883120 1.36724316 
1.45447765 1.61785245 1.57964670 2.08235810 1.47614892 1.65187394 1.71099665 1.81451059 1.78872591 1.83225315 1.78120680 1.67031394 1.87562403 1.95269983 2.16089186 2.09594090 0.00000000 2.09455401 2.10398316 1.85900052 1.79865096 1.77709676 1.48486578 1.54097264 1.39708204 0.44413818 1.52969121 0.55038740 1.58853387 1.52052746 1.69637208 1.46608230 1.48855994 1.54141137 1.53731020 1.46796955 1.65008776 0.42515955 1.27241758 1.56358632 0.25897656 1.30105014 0.25101071 1.29654062 0.51630886 1.59140939 1.28726755 1.56822227 0.41631186 1.50115562 0.56429421 1.53596529 1.60373571 1.32761736 1.47271974 1.54040492 1.60515242 0.43613868 1.52561864 0.37646950 0.32384396 1.62904707 0.44996759 1.58102764 1.63169444 1.65232611 1.47128717 0.54120215 1.54278232 1.60424499 1.56040758 1.54131036 0.37706730 0.51380861 0.72928028 0.52600130 1.32650091 0.43185091 0.54165746 1.54838313 1.43156482 1.60739497 1.45338941 1.45307066 1.48622026 1.47162370 0.78850469 0.62890217 1.43266284 1.47437582 0.68670307 1.35585196 1.44639772 1.39994043 1.33530381 1.35300300 1.36455090 
1.46151932 1.55358252 1.68090837 1.66472589 1.90090276 1.72358722 1.75008727 1.73452790 1.93019175 1.82415990 1.83032293 1.83987605 1.88545267 1.87326816 1.91638651 2.13958180 2.09455401 0.00000000 2.26222277 2.05326230 1.98179013 2.01418982 1.76045310 1.84030073 1.49744658 1.62707104 2.06182288 1.69646792 0.60197859 1.76423657 1.65824288 0.69988722 1.62838941 1.65952610 0.64618592 0.59380684 0.60674323 1.76312183 1.35145215 1.60445879 1.74740382 1.39399983 0.43811413 1.37622397 0.65720335 0.55744022 1.39919824 1.67270938 0.57462357 1.61731712 0.69683075 0.57503377 1.63808701 1.35695891 1.62752760 1.57004806 0.53165821 0.59099700 1.65879590 1.73638340 0.49826148 0.47042484 0.60241723 0.74477606 0.56629488 0.58207278 0.54523075 0.67776080 0.54344758 1.56614272 1.60589818 0.79095850 0.54221452 0.65513859 1.52127852 0.66520759 1.39589486 0.58745606 1.70293372 1.78757324 2.07039067 1.66101940 1.60226741 1.44252450 1.61362906 0.64086448 0.88198884 1.72587853 0.81535646 0.78604326 1.45886573 0.86257998 0.89555940 1.43726139 1.45429827 1.42226522 1.34616620 
1.43264145 1.48671053 1.54896613 1.62634132 1.51556126 1.64750824 1.53131214 1.72920563 1.75200481 1.64314179 1.70217063 1.74689567 1.68937338 1.83727217 1.89899712 1.81033793 2.10398316 2.26222277 0.00000000 2.17873366 2.36710142 2.59455047 1.65950105 0.79478487 1.54545894 1.59651503 1.88988311 0.61002636 1.61226586 1.64049963 1.54767088 1.41468337 0.52312895 1.67956397 0.56625654 1.48290859 0.52217105 0.49443727 1.26973155 0.51520675 1.57680233 1.37915086 0.33369264 1.26121197 0.57857083 0.46706460 1.30151076 1.59328817 0.48627059 1.46606643 0.62286276 1.62097503 1.53660867 0.96148604 1.74711852 1.52359852 0.43824778 1.79837480 1.63489266 1.61775582 0.40091993 0.36980664 0.51733584 0.67645172 1.51906676 1.53250717 1.53247772 0.60154809 1.51583549 1.50786569 0.47798819 1.47225200 1.59717568 0.57626303 0.77514988 0.58751725 1.29536856 1.55706632 0.60196836 1.76113077 0.72752632 1.64156167 0.66811776 1.48060892 1.57504181 1.52584864 1.50387530 1.57284560 1.48179226 1.51757548 1.47902060 1.47560865 1.36682831 1.47585413 1.39479343 1.31763440 1.40073960 
1.37186727 1.41099900 1.70485491 1.60523665 1.49481653 1.54487814 1.53206078 1.62305218 1.54258450 1.64237114 1.59870188 1.62802209 1.59893042 1.81243856 1.76200665 1.76938695 1.85900052 2.05326230 2.17873366 0.00000000 2.28592492 1.97430798 1.57584774 1.59239443 1.38979140 1.44517986 1.52041604 1.45190562 0.38889190 1.56860172 1.46688778 1.41448671 1.39239400 1.47599831 1.55590404 1.35265933 0.39506033 0.36293673 1.28850395 1.56502471 0.18526524 1.34472890 1.51489873 1.25409067 1.50014606 1.42597669 1.28254391 0.33506239 0.35347738 1.52832551 0.51168999 1.38833972 1.47237044 1.33994117 1.53049101 1.53912053 0.29785331 0.37467486 1.49705434 1.63862376 1.54362545 1.68325106 0.38945979 0.57376125 1.52889441 1.55751923 1.42226706 0.48700153 1.40871831 1.37219598 1.37573966 1.43417688 1.52012959 0.45771423 1.45759109 0.47074983 1.32738512 1.47745789 1.49823612 1.49879332 1.46366993 1.59826814 1.48210842 1.43160058 1.42010006 1.37026822 0.75140049 1.41646177 1.32236455 0.62718684 1.34451249 1.33883012 1.38317892 1.38841465 1.29813728 1.24536907 1.24924950 
1.36592159 1.47996941 1.55750822 1.53202197 1.43168351 1.64093095 1.51904032 1.57309730 1.59205382 1.62117426 1.69020379 1.67991418 1.71313651 1.77262524 1.81440109 1.75075147 1.79865096 1.98179013 2.36710142 2.28592492 0.00000000 2.06834037 1.78190623 1.45043344 1.46518626 1.51766765 1.60147593 1.46373132 1.52942836 1.67771190 1.47365772 1.50365412 1.46783249 1.52801455 1.59840229 1.48606266 0.52334753 0.49565439 1.28459869 1.50864979 1.54290231 1.28062097 1.57726523 1.30069433 0.57966469 1.54409996 1.28086226 0.47162445 0.48749967 1.51525566 1.49898506 1.45779120 1.42345235 1.36593812 1.57864629 1.58143629 1.49173159 0.50577360 1.60324870 0.45077784 0.40227404 0.37120634 1.65198531 0.67740218 1.58222829 0.49581352 1.48858306 1.57002547 1.43607144 1.53193113 1.45868615 0.72894512 0.45132882 0.57736026 1.39854583 0.58859800 1.24647154 1.50796273 0.60302794 1.69468483 1.50814567 1.70399613 0.66908043 1.51979944 0.62367950 0.56142933 1.40358302 0.68343946 1.36393222 1.38592772 1.35534300 1.34838206 1.33575425 0.87966093 1.29643633 1.32903063 1.33158789 
1.35515469 1.43416803 1.43780129 1.41778898 1.41088828 1.60926408 1.63379488 1.63975160 1.59578309 1.72974937 1.60461454 1.76590986 1.71170553 1.74309753 1.75230370 1.86632616 1.77709676 2.01418982 2.59455047 1.97430798 2.06834037 0.00000000 2.09217981 1.63885048 1.43579958 1.84974794 2.20319470 1.56885483 1.56312964 3.08487802 1.61209702 1.36722528 1.53379011 1.52934661 1.55442252 1.44871805 1.63247032 1.63497775 1.25256759 1.57443720 1.61854074 1.30277977 0.18354769 1.25916980 1.60197711 1.50282940 1.24214849 0.34092416 0.35923014 1.49136403 1.55209585 1.53270856 1.50484146 1.37972412 0.36914101 0.48881502 1.50704973 0.38030212 0.23444961 0.31688558 1.66091203 0.22513035 0.39499953 1.58489806 1.52440393 1.54332003 0.32140270 0.49196382 1.64141562 0.39792179 0.34969356 1.45979882 1.66856923 0.46284990 1.49289467 0.47580833 1.27479731 0.37574507 0.49244773 1.67337289 1.51655770 1.51860996 0.56861398 1.36780425 1.54199170 0.44447967 1.47131519 1.51423300 1.35059636 1.43407128 1.38115491 0.72981908 1.39274163 1.42139235 1.38654415 1.34819706 1.33383049 
1.29828591 1.47288691 1.34966856 1.46938751 1.37131398 1.55296228 1.44369492 1.53850437 1.61786543 1.50399781 1.51899334 1.48678620 1.50289145 1.63041199 1.54920036 1.60998299 1.48486578 1.76045310 1.65950105 1.57584774 1.78190623 2.09217981 0.00000000 1.65856521 1.59757443 1.87730837 1.52170533 1.42558771 1.64255883 1.45866662 1.23153948 1.31330009 1.33312717 1.24779373 1.44091741 1.24515025 1.46591449 1.39514202 1.31961991 1.42186704 1.32722346 1.40947585 1.47223913 1.39688582 1.43597455 1.31467158 1.35844115 1.39456299 1.43178790 1.36617095 0.51108854 1.35655390 1.38934984 1.27170804 1.40216380 1.36413055 1.33394637 1.47868329 1.41160498 1.48996860 1.44449055 1.52625146 0.38876798 1.44009345 1.41211262 0.36241004 1.40499906 0.48638183 1.34172111 1.38373454 0.34315851 1.40902407 1.42919429 0.45707288 0.68761077 1.48828855 1.30064080 1.46316844 1.45899938 1.50485869 1.45011536 1.43069696 1.31692316 0.58092238 0.51084218 1.31211359 1.41939173 0.58021402 1.34149029 1.27097474 0.64205648 1.30863875 1.31898357 1.27578674 1.27047301 1.24172500 1.33924017 
1.34810191 1.33947564 1.40606193 1.42062757 1.49857794 1.47656169 1.61091143 1.56084634 1.52437103 1.47535077 1.49886665 1.64710084 1.50824004 1.65903173 1.59468581 1.65224767 1.54097264 1.84030073 0.79478487 1.59239443 1.45043344 1.63885048 1.65856521 0.00000000 1.64245711 1.45706775 1.53664160 1.85489945 0.68982429 1.44659584 1.42693956 1.65816201 1.65762449 0.53269940 1.75577420 1.57805246 1.53943545 0.67221099 1.29704294 1.42957683 1.52226614 1.38184797 1.60980810 1.34583577 1.55032437 1.47058060 1.25316730 1.43688690 1.66508398 0.61167790 1.59363668 0.66615221 0.70269622 1.51354210 0.67255745 1.68547487 1.62819528 1.54158692 0.58061091 0.63688549 0.59870473 1.67928361 0.69020966 1.60175701 0.65847475 0.67233625 0.63996908 0.75640195 0.63840250 0.69220453 0.65928172 1.54884993 1.61496716 1.95847423 1.58200240 1.87955567 1.35012999 0.67706569 1.62077046 0.62000704 1.69769504 1.48676492 1.36471632 1.43647334 1.75824103 0.72398708 1.47395356 1.42809316 1.42016241 1.45146649 1.36788216 1.46370405 1.31696198 0.97448964 1.38388551 1.40123501 1.36859164 
1.32854415 1.40284019 1.40707493 1.36141995 1.35007294 1.46616049 0.95736995 1.41981519 1.44895678 1.49736015 1.42818537 1.41489337 1.63205716 1.55546607 1.43498463 1.45188394 1.39708204 1.49744658 1.54545894 1.38979140 1.46518626 1.43579958 1.59757443 1.64245711 0.00000000 1.38195461 1.43450485 1.52222242 1.84573539 1.45562905 1.36462607 1.36106482 1.41822306 1.43558426 1.69845224 1.49244864 2.89556654 0.65194700 1.39385042 1.67206789 1.43411202 1.34650051 1.61307524 1.30025705 0.72012957 1.44054187 1.29603879 1.58100413 1.44206633 1.43955497 1.52652087 1.40661184 1.34026476 1.30430454 0.65230421 1.41772268 0.60641055 1.48211833 0.55750443 0.61552530 1.45625629 0.55094525 1.46468299 1.52230822 0.63778451 1.37111984 1.34242603 0.73875054 0.61708939 1.32673178 0.63861652 1.40517590 0.61597247 1.48614580 1.44120627 1.65704446 1.32334274 1.46929364 1.41317112 1.38442030 1.46038777 1.40105051 1.31023138 1.27248346 0.75585189 1.36430597 1.47484095 1.37710715 1.32791526 1.28276416 0.84758984 1.31669656 1.31203464 1.27250286 1.31566976 1.32239675 1.31397184 
1.35001174 1.31265638 1.44344655 1.38112127 1.32143611 1.56624907 1.46672916 1.43981855 1.48862414 1.47747574 1.45771939 0.65480310 1.53594129 1.47262953 1.43686348 1.47122694 0.44413818 1.62707104 1.59651503 1.44517986 1.51766765 1.84974794 1.87730837 1.45706775 1.38195461 0.00000000 1.59252500 1.37706526 1.85277875 1.67973668 1.37266005 1.28862139 1.43956861 1.49406879 0.41057579 1.35296998 1.52252122 1.60135826 1.22328485 2.01533157 1.37516828 0.96081390 1.48677351 1.22966612 1.50904446 1.39637568 1.22487616 1.40221275 1.37877836 1.36892730 0.47879320 1.42836150 1.40842261 1.25793237 1.35070814 1.43259241 1.44792185 0.33623759 1.37740501 0.26986374 1.53468116 1.52916722 1.61646798 0.54337443 1.35368541 1.45160970 1.38084786 1.52872924 1.53860333 1.37934559 1.41216044 1.40760572 1.41295051 0.42263482 1.47501786 1.54289498 1.24226889 1.33184842 1.42234145 1.44355998 1.39264297 1.37046641 1.37361520 1.31927385 1.34802828 1.38493778 1.38467709 0.55066076 1.35188324 1.41707192 1.37875836 0.70205359 1.29250302 1.26215273 1.27767303 1.31197444 1.29597581 
1.28032244 0.86786129 1.44427586 0.72652133 1.45155679 0.78219768 1.43554918 1.50013011 0.55728476 1.51306815 1.48356809 0.67866416 1.51962980 1.65514083 0.60904356 2.03232091 1.52969121 2.06182288 1.88988311 1.52041604 1.60147593 2.20319470 1.52170533 1.53664160 1.43450485 1.59252500 0.00000000 1.76594728 1.72384938 1.78092491 2.25332850 1.37605937 1.61836273 1.43923762 1.77507665 1.53601555 1.70233322 1.61249508 1.30717230 1.51859109 1.56680014 1.38821503 1.64447627 1.31157194 1.52835549 1.49583925 1.32938539 0.33168938 1.52931738 0.27015253 0.50891867 1.46657218 0.40473511 1.35656149 1.44309569 1.50033318 1.56936945 1.64870027 1.44935864 1.51793855 1.60381359 0.21480917 0.38627208 1.60288125 1.57351362 0.35984390 1.44368050 0.48414611 1.48928929 1.46178678 0.34054105 1.46189915 1.54269513 0.45475904 0.68591137 1.68036504 1.24549799 1.55866235 0.48463456 1.74010755 1.69676892 0.33545792 1.44655519 1.52048329 1.49050001 1.47603133 1.45496980 1.61387080 1.35324202 1.38039545 1.35919630 1.34029243 1.35346162 1.39085108 1.42462619 1.25260921 1.32876759 
1.24399654 0.90817072 1.44844120 0.77928772 1.37926526 1.49693971 1.64122381 0.73026905 1.54634749 1.57571899 1.48382579 0.73564843 0.64996337 0.66036591 1.54242035 1.78065016 0.55038740 1.69646792 0.61002636 1.45190562 1.46373132 1.56885483 1.42558771 1.85489945 1.52222242 1.37706526 1.76594728 0.00000000 1.68907247 1.58310009 1.84204070 1.42925649 1.87741593 1.59169707 2.80452901 1.48978236 1.72245886 1.74835929 1.30546815 1.49974064 1.55117200 1.00475766 1.63525933 1.30795023 1.56831044 1.58175487 1.26127276 0.41925416 1.72720827 1.38196443 1.54754529 1.36809295 0.48586203 1.32777145 1.43411265 1.55174712 0.38520891 1.52819618 1.45273472 1.42456189 1.54273865 1.53186884 1.69944702 1.49046159 1.46494962 0.44492729 0.40128621 1.53580015 0.39917397 0.47171595 1.38077447 1.38096293 1.51587266 1.60524084 1.41788257 1.70693748 1.31367660 1.50869322 1.44817662 1.45531350 1.33698356 1.44265297 1.37162473 1.27241202 1.38315849 1.45904408 1.35938955 0.64406452 1.48010194 1.32873978 0.70060681 1.33178580 1.34554389 0.85232465 0.89837947 1.32909758 1.31026552 
1.36043287 1.37680336 0.83189046 0.70815948 1.47168878 1.66044796 0.78149482 0.65275431 1.65025765 0.64270814 1.57690099 0.65883455 1.60166827 0.57374370 1.64927337 1.60906374 1.58853387 0.60197859 1.61226586 0.38889190 1.52942836 1.56312964 1.64255883 0.68982429 1.84573539 1.85277875 1.72384938 1.68907247 0.00000000 1.73230018 1.56345387 1.45549879 1.64229375 1.75423820 1.86770835 1.57985940 2.71195293 1.83864104 1.27623365 2.79408567 1.75435849 1.28681966 1.78068572 1.30386546 0.43082684 1.65356265 1.30489003 1.70613414 1.56365630 1.65776234 1.64345668 1.52442047 0.37650424 0.88951150 1.55422412 0.45507491 1.50648514 0.34218468 1.67802976 1.55858723 1.63222955 1.69691426 1.68140957 0.54807594 0.30911157 1.48661204 0.28090929 1.57978335 1.51022181 1.47885631 1.52968118 1.46511920 1.63935098 1.61756476 1.62036856 0.44154354 1.28360712 1.77045101 0.45885416 1.77340821 0.60925694 1.56491216 1.50219592 0.55605049 0.48362846 1.44255448 1.44140921 0.55531845 1.47853244 1.35527162 1.43156895 1.37739398 1.52659539 1.35563317 1.40426018 1.28823595 1.29136960 
1.28103230 1.40580461 1.46373033 1.46721887 1.34075217 1.51741710 1.48840280 1.53495500 1.56946209 1.49308163 1.60167437 1.56762722 1.63406202 1.63497121 1.51759904 1.64347881 1.52052746 1.76423657 1.64049963 1.56860172 1.67771190 3.08487802 1.45866662 1.44659584 1.45562905 1.67973668 1.78092491 1.58310009 1.73230018 0.00000000 1.89445953 1.37755241 1.54321114 1.75094038 0.39535966 1.45617636 1.60370842 0.30736881 1.24597378 1.55966881 1.61144300 1.34583852 1.64774636 1.26964486 1.52106066 1.50256686 1.25603302 0.27788485 0.29736323 1.41017496 1.51750504 1.57391528 1.55543617 1.34770733 1.44127627 0.43524737 1.59880334 1.59881639 1.41269244 1.59569106 1.66186536 1.56596253 0.33542347 0.53036755 1.46138930 1.47184583 1.45772153 1.59198184 0.25467130 1.43930482 1.49761340 1.51707556 1.59119425 0.40761932 1.53012408 0.42140766 1.26171085 0.31493587 1.45243242 1.46113915 0.59294265 0.28185747 1.39450809 1.38621364 0.46445155 1.40986009 1.50496647 1.42882390 0.62701931 0.58687824 1.40420923 1.36936930 1.33979390 1.34586038 1.31098379 1.35874915 1.29615052 
1.37440101 1.34840828 1.41477436 1.46364433 1.40033445 1.44230074 0.72437845 0.58211428 1.47928828 1.51643143 1.43524518 1.44388367 1.50197807 1.67066254 1.56040678 1.74054337 1.69637208 1.65824288 1.54767088 1.46688778 1.47365772 1.61209702 1.23153948 1.42693956 1.36462607 1.37266005 2.25332850 1.84204070 1.56345387 1.89445953 0.00000000 1.75581852 1.95544181 1.34783770 1.51096431 1.39388246 1.55977818 0.22550607 1.22961066 0.25299878 1.46703484 1.34767252 1.54317753 1.26811768 1.44413196 0.18927267 1.20532849 1.47531412 1.46339940 1.47559063 1.40541923 1.35014987 1.43050730 1.33078621 1.58576152 1.41479146 1.34346780 1.52416041 0.07124526 1.45616922 1.49737110 0.06053162 1.53486959 1.51854198 1.35960777 1.38389267 1.42347720 1.47537425 1.45227787 1.36547650 1.38945985 1.39576130 1.49262138 1.57943646 1.36893747 1.53447940 1.00864990 1.40723097 0.36784573 1.37444652 1.35785498 1.39097189 0.45540817 1.31595149 1.33266210 1.32845467 1.48503791 0.47444320 1.27179906 1.31601602 1.35409315 1.25525587 1.29422601 1.36435224 1.29725697 1.29678678 1.29689219 
1.37711657 1.29785829 1.38588123 0.79169396 1.35503182 1.42664041 1.42907971 1.41890304 1.40515219 1.61176409 1.37325876 1.52138334 1.43831399 1.47032227 1.45385643 1.49604270 1.46608230 0.69988722 1.41468337 1.41448671 1.50365412 1.36722528 1.31330009 1.65816201 1.36106482 1.28862139 1.37605937 1.42925649 1.45549879 1.37755241 1.75581852 0.00000000 2.25893221 1.62718396 1.49055367 1.29221486 1.58835757 1.40994814 1.38153048 1.40184719 1.46202608 1.26036976 1.51833270 1.27226071 1.34425906 1.43686034 1.27369752 1.43391264 1.37487553 1.32414867 1.47619381 1.37273238 1.55594242 1.33214844 0.46522324 1.40414612 1.40445199 0.47526271 1.30247631 1.51553684 1.51341044 1.39243021 1.49623159 0.65328160 0.44666685 1.29632030 1.40393109 1.38480981 1.39579143 1.28950900 1.44674599 1.35494727 0.41879076 1.48312961 0.75550466 1.43596102 1.27849329 0.47116363 1.38199676 1.48333022 1.37963405 1.43624830 1.41545626 1.27479829 1.34793799 1.36254362 1.42872477 1.32090149 1.30176416 1.34795491 1.28745464 1.31738558 1.32369276 1.25815940 1.23575197 1.23691421 1.29846138 
1.38152083 0.85749828 1.53177505 0.71295581 1.45566484 1.57187476 1.48208224 1.56760673 1.48000057 1.51935430 1.48937852 1.51249280 1.52255523 1.80926875 1.55510856 1.66956417 1.48855994 1.62838941 0.52312895 1.39239400 1.46783249 1.53379011 1.33312717 1.65762449 1.41822306 1.43956861 1.61836273 1.87741593 1.64229375 1.54321114 1.95544181 2.25893221 0.00000000 1.62810079 2.29070243 1.45476250 1.78659152 1.49732117 1.32137427 0.36246655 1.64278715 1.32117993 1.68367941 1.30846488 0.43777884 1.55612459 1.35720699 1.48516173 1.44630824 1.47891813 1.43870783 0.32861900 1.37575771 1.26706082 1.48199719 0.46183843 1.46758199 0.34982567 1.47562664 1.52787685 1.51774331 0.18964915 0.36499711 0.55411658 0.31700964 1.42537628 1.45424386 0.46508879 1.55747158 1.35221326 1.39406421 1.49225745 1.52527866 1.48205700 1.40401715 1.66323829 1.29371513 1.47806074 1.51568579 1.41680216 1.40187646 1.49706214 1.33965385 1.39796608 0.49017003 1.37400909 1.49033042 1.47948375 1.37868984 0.60893881 1.31861891 1.30140819 1.34377542 0.79486683 1.34845591 1.29255701 1.32297347 
1.28899029 1.44284702 1.45520784 1.42954313 0.67868737 1.53676847 1.56350903 0.48646254 1.52088375 1.57934139 1.49628994 1.49197653 1.59456731 1.56127160 1.58007277 1.60712111 1.54141137 1.65952610 1.67956397 1.47599831 1.52801455 1.52934661 1.24779373 0.53269940 1.43558426 1.49406879 1.43923762 1.59169707 1.75423820 1.75094038 1.34783770 1.62718396 1.62810079 0.00000000 1.93930620 1.87149320 2.01987300 1.77940838 1.21626749 1.60237881 1.70975469 0.87343401 1.59774097 1.23598668 1.49394248 1.52576146 1.20952624 1.62096998 1.60923086 1.42542535 1.43048210 1.40670994 1.42781645 0.78176636 0.08461086 0.23989988 0.00000000 0.09909353 1.49048694 1.66080257 1.76049343 1.56748989 1.59329119 1.60392240 1.66587794 1.40830804 1.49156892 1.52294483 1.47130427 1.46071247 1.47589108 1.51769550 1.68171679 1.56329957 0.50336291 1.75064765 1.20391442 1.49526603 0.24461369 1.47303909 1.50636409 1.46983741 0.34344702 1.28704251 1.42734882 0.18237033 1.45165948 1.38747021 0.47376530 1.41582722 0.44464500 1.36150449 1.37882323 1.31680749 1.28350385 1.26877372 1.34435859 
1.30873028 1.40192343 1.44067978 1.48641441 1.39743721 1.51081133 0.81472947 1.58473930 1.58399059 1.60084163 0.61754550 0.69956664 1.58273696 0.61967685 0.63219679 1.63663284 1.53731020 0.64618592 0.56625654 1.55590404 1.59840229 1.55442252 1.44091741 1.75577420 1.69845224 0.41057579 1.77507665 2.80452901 1.86770835 0.39535966 1.51096431 1.49055367 2.29070243 1.93930620 0.00000000 1.86831276 1.96049469 1.58562880 1.42870616 1.56974026 1.64134422 1.31253857 1.73245073 1.32860655 1.89528733 1.78365000 1.31947498 1.73757685 1.96056542 1.54758775 1.68676799 1.50819377 1.51341430 1.34794162 0.39136994 0.50826153 0.32768033 1.68679428 1.53206993 1.60547331 1.64032575 0.25070753 0.41662725 0.59557800 0.37122001 1.54862533 1.68776524 1.60011891 0.34250004 1.53832591 1.56595912 0.65363116 1.57986265 1.60425750 1.49838560 2.44748329 1.25670724 1.53989333 1.71273098 1.56003998 1.52465449 1.57316524 0.58620516 1.37510658 1.46380907 1.45665439 0.76805994 0.60237783 1.48638104 0.64745251 1.46281488 1.44039884 0.78511868 0.82338341 0.87225678 0.97771164 1.28169541 
1.24827606 1.37301743 1.36588476 0.70118744 1.33363652 0.75921971 0.77535138 0.64515626 0.52478966 0.63499658 0.56295717 0.65130520 0.55336223 1.52864502 0.57873863 0.60964446 1.46796955 0.59380684 1.48290859 1.35265933 1.48606266 1.44871805 1.24515025 1.57805246 1.49244864 1.35296998 1.53601555 1.48978236 1.57985940 1.45617636 1.39388246 1.29221486 1.45476250 1.87149320 1.86831276 0.00000000 1.89754867 1.97009170 1.24284006 1.56565296 1.59385743 1.39353812 1.74535636 1.24093632 1.44532183 1.96315895 1.24059528 1.74585300 1.52377503 1.40086511 1.55132978 1.40152772 1.52965530 1.35278565 1.55251308 1.37878542 1.44513369 1.65853069 1.45722490 0.26435743 1.76949877 1.45356658 1.74355493 1.47263087 1.42264747 1.36278632 1.35968201 1.50778635 1.40895434 1.54829470 1.37017002 1.52455088 1.63959205 0.41792559 1.37054797 1.66029279 1.24721635 1.58515808 1.38860321 1.43059999 1.47615685 1.46074691 1.36861412 1.36557437 1.42917976 1.39807677 1.42043850 1.43767337 1.41192344 1.37779295 1.33420317 1.33396599 0.74345650 1.30320534 1.32483776 1.24313156 1.24805594 
1.01469794 1.40862101 1.57336460 1.50913507 1.44529311 1.63124380 0.78507683 1.62460838 1.71427419 0.64720446 1.66625851 0.66322463 0.56701395 1.73796132 0.59194152 0.62230074 1.65008776 0.60674323 0.52217105 0.39506033 0.52334753 1.63247032 1.46591449 1.53943545 2.89556654 1.52252122 1.70233322 1.72245886 2.71195293 1.60370842 1.55977818 1.58835757 1.78659152 2.01987300 1.96049469 1.89754867 0.00000000 2.07336892 1.38486660 2.24082712 1.93247969 1.46829762 2.22612302 1.29064639 1.76587459 1.77407382 1.26738610 0.30796425 1.74320491 1.57741645 1.54178103 1.53275869 0.38275428 0.89238191 0.33712595 1.67927457 0.26973685 0.34866081 1.62364566 1.80165522 1.80860872 1.68592418 1.92338906 1.69625572 1.56882487 0.33679108 0.28778910 1.73007407 1.68917733 0.36687048 1.51797130 1.55192050 1.73224548 0.43397276 1.68572250 1.84494231 1.27798488 1.87581305 1.73222349 0.25756775 0.61397363 0.31182278 1.56866802 1.37980914 0.48917277 1.54155398 0.73569645 0.56039049 1.40508807 1.52599221 1.53454063 1.39968381 1.39521341 1.48132727 0.84594569 1.34567494 1.06745781 
