0.00000000 0.95947035 0.61488790 0.42925090 0.35733090 0.31030232 0.34372937 0.34727970 0.41676999 0.29757475 0.26136261 0.28381877 0.27384841 0.26382269 0.36539210 0.25671794 0.34988946 0.32011006 0.32848849 0.29659594 0.28282660 0.25398961 0.24152469 0.26197543 0.25580743 0.29012521 0.19980670 0.17810906 0.26360223 0.20731439 0.31679911 0.32403814 0.29486389 0.22936445 0.21019644 0.19631755 0.16251259 0.20498750 0.25101585 0.22313143 0.12359706 0.24645687 0.22227773 0.25041893 0.17305106 0.13436496 0.24716350 0.28500530 0.17466780 0.20069366 0.24554563 0.22781627 0.33033268 0.23012186 0.23596853 0.27433974 0.24605279 0.21403767 0.21555806 0.19197691 0.17934203 0.21941681 0.22794277 0.19724076 0.27436899 0.17782297 0.19760048 0.16882732 0.18782737 0.21606157 0.30171145 0.29317628 0.20594428 0.27337373 0.20112693 0.25602968 0.25927023 0.18528487 0.18626057 0.28761782 0.24325085 0.18697322 0.21777352 0.18921529 0.13939957 0.15546943 0.31311282 0.20571129 0.22841800 0.29059383 0.22566527 0.23111725 0.27211438 0.26293903 0.29742621 0.27158713 0.28704947 
0.95947035 0.00000000 0.82638928 0.49387139 0.39085696 0.52988037 0.28623121 0.37117965 0.45134132 0.29530764 0.36100542 0.35893356 0.37034519 0.37905813 0.36352887 0.31528423 0.40402529 0.29246562 0.27397786 0.25877181 0.30321141 0.24107877 0.34073186 0.19431295 0.27513570 0.19273088 0.15449518 0.17562541 0.18971307 0.24350196 0.22738394 0.19270641 0.16402133 0.28150443 0.20861069 0.22713332 0.17942861 0.16197689 0.31605153 0.17170147 0.14410597 0.22973205 0.10325001 0.32249292 0.15021995 0.17226249 0.30263559 0.18100986 0.09489336 0.28087025 0.26669329 0.23995851 0.30660590 0.23381356 0.27419826 0.26889296 0.18962684 0.13513008 0.17401525 0.19011977 0.20935827 0.18916450 0.15820821 0.17382914 0.24263851 0.22172456 0.24851393 0.16199474 0.21585476 0.28065390 0.19615854 0.21065527 0.15318260 0.14753761 0.19000976 0.11115628 0.27848447 0.09988324 0.23318127 0.18930527 0.14035338 0.33204061 0.32285577 0.26766767 0.22682737 0.19614575 0.27630353 0.28580120 0.24018293 0.21183353 0.20884977 0.19109327 0.37072140 0.31015129 0.27240172 0.30830356 0.30648271 
0.61488790 0.82638928 0.00000000 0.55977222 0.74253297 0.51906843 0.56098821 0.65983398 0.57926511 0.36887683 0.39132248 0.42414540 0.28346466 0.38272642 0.32212977 0.36070663 0.34452573 0.34819550 0.27902322 0.45723326 0.32445083 0.20846055 0.19507568 0.20499273 0.24258109 0.28736842 0.22253863 0.25046742 0.12467728 0.24322806 0.24766872 0.22820239 0.32333374 0.24719263 0.18932932 0.18420257 0.27375647 0.09260197 0.25481126 0.11385736 0.15785605 0.20775475 0.10289579 0.24844525 0.20256692 0.11425181 0.23315660 0.12553662 0.18303104 0.15503903 0.17069743 0.28256023 0.24833618 0.18720111 0.26732778 0.11727106 0.29012231 0.16032399 0.23937479 0.16915600 0.16406506 0.13247756 0.10956621 0.16641309 0.17008687 0.19131236 0.19219545 0.09289400 0.18665877 0.23301457 0.10947187 0.22394867 0.14793384 0.22312701 0.19491890 0.15607950 0.23406710 0.15956621 0.15227514 0.15805524 0.18710512 0.25306905 0.43903842 0.30185768 0.22058429 0.30591344 0.24104545 0.28724836 0.19902696 0.24986878 0.29012430 0.16058269 0.26347530 0.22360146 0.23650259 0.25825909 0.25719931 
0.42925090 0.49387139 0.55977222 0.00000000 0.49359709 0.64030735 0.57482379 0.41812600 0.54779158 0.45695426 0.47568336 0.36919086 0.41233737 0.42862438 0.66056631 0.33581512 0.76857933 0.33746448 0.34000386 0.37656843 0.30914100 0.17623268 0.30243982 0.22174860 0.21215119 0.22146205 0.11628370 0.09414617 0.08120241 0.25592954 0.28722906 0.16305017 0.14696883 0.22138297 0.23697970 0.14257839 0.20835086 0.19842608 0.22747296 0.24889785 0.18307468 0.19612486 0.04859882 0.22564248 0.11727610 0.18116146 0.23830038 0.19347501 0.17610489 0.26178712 0.23737035 0.27420997 0.34016733 0.22540290 0.26281793 0.16625655 0.15590545 0.18311204 0.24523165 0.17536039 0.12802865 0.17898796 0.16193142 0.11484190 0.11806523 0.30734681 0.26918016 0.11985473 0.25242421 0.28327703 0.32788972 0.21564282 0.13743005 0.11957233 0.17207946 0.12282199 0.21998353 0.17885780 0.14550955 0.17096411 0.20922912 0.22412643 0.30334316 0.32215311 0.25090058 0.29984046 0.17642104 0.26163845 0.19505926 0.22054542 0.25520281 0.22075613 0.28036348 0.26754909 0.24261299 0.23920588 0.26472054 
0.35733090 0.39085696 0.74253297 0.49359709 0.00000000 0.61251180 0.59239690 0.53286265 0.59661853 0.45151431 0.56139252 0.53203985 0.54900470 0.36788755 0.34861838 0.33198314 0.25964910 0.60315503 0.28811301 0.31716773 0.24830883 0.20437814 0.24498631 0.31527108 0.21992023 0.18905783 0.26494641 0.20188837 0.26241613 0.18619103 0.25869191 0.25320304 0.27853020 0.16810105 0.18346545 0.17880969 0.19294165 0.15979951 0.26918857 0.16649568 0.17990395 0.25452484 0.13678085 0.23608790 0.10430547 0.19735434 0.25219178 0.20777048 0.14334590 0.19850787 0.21150624 0.18446645 0.31936447 0.26874405 0.22648846 0.15753219 0.14121244 0.19301173 0.21459494 0.24655528 0.13128912 0.12727016 0.16475961 0.13134283 0.17229869 0.23593196 0.25582032 0.25047050 0.08998959 0.17797971 0.23781980 0.15620249 0.16984833 0.11313278 0.16955540 0.18715494 0.26715922 0.15523489 0.22565846 0.19783466 0.34733466 0.23169430 0.25531867 0.28136667 0.32118236 0.14537355 0.33662190 0.21426680 0.15955937 0.17960749 0.20976749 0.18400393 0.28345423 0.21214969 0.19566489 0.21886951 0.27642429 
0.31030232 0.52988037 0.51906843 0.64030735 0.61251180 0.00000000 0.59595235 0.90330019 0.54881079 0.51281096 0.49083773 0.45612101 0.53933855 0.50132064 0.78813346 0.30933497 0.32879957 0.33691944 0.32570191 0.26219505 0.33247736 0.27079914 0.30342884 0.21666683 0.26601266 0.34245081 0.16169309 0.24253343 0.30368592 0.20992962 0.21162610 0.22868892 0.30659634 0.22896036 0.18547836 0.13374452 0.24291522 0.11815252 0.26156355 0.14432511 0.27962919 0.21347158 0.14699376 0.24183222 0.12559106 0.10759231 0.24904797 0.16094498 0.23369555 0.28788109 0.18141308 0.17307239 0.23564154 0.18913858 0.28131213 0.19278198 0.10307565 0.09756821 0.15162876 0.11963498 0.14688998 0.14605418 0.11710865 0.11595150 0.12031106 0.23238076 0.21823949 0.16108262 0.17811667 0.25370952 0.14051438 0.15787110 0.13419588 0.14547907 0.19480508 0.17217909 0.23307547 0.10456150 0.20401678 0.14112719 0.14696116 0.18665981 0.17316950 0.19578369 0.11128481 0.34754332 0.28424905 0.23601586 0.15207534 0.22049474 0.31394209 0.17652696 0.35935962 0.29696599 0.21817787 0.24857222 0.27613953 
0.34372937 0.28623121 0.56098821 0.57482379 0.59239690 0.59595235 0.00000000 0.88011353 0.68418645 0.68219924 0.39986847 0.66039583 0.40449091 0.47323843 0.47444235 0.59708459 0.38794207 0.40434370 0.24093177 0.28088643 0.26468489 0.30720387 0.23026114 0.37930104 0.13873390 0.24518501 0.18113115 0.35471445 0.14779913 0.24501491 0.10455476 0.24755141 0.24767111 0.30601983 0.11682176 0.14744776 0.17038002 0.06644575 0.24834515 0.13993720 0.20448954 0.22472517 0.10183531 0.24484830 0.17200143 0.18603320 0.23775327 0.21982710 0.15271689 0.13356980 0.12009640 0.24504037 0.10771962 0.22873409 0.19900733 0.12373654 0.19091695 0.14494199 0.20741480 0.14300855 0.15283747 0.15305569 0.24979771 0.20864773 0.10004311 0.22200098 0.19882835 0.14015810 0.21319508 0.26750169 0.15178073 0.18565863 0.20409217 0.15555884 0.14364083 0.08622242 0.25697286 0.19522395 0.15369934 0.17184500 0.20628806 0.13034352 0.26724671 0.16253248 0.26099353 0.24905383 0.27661796 0.29934964 0.37953935 0.32728101 0.30267406 0.18751162 0.24049345 0.25943939 0.18264676 0.22776476 0.24525473 
0.34727970 0.37117965 0.65983398 0.41812600 0.53286265 0.90330019 0.88011353 0.00000000 0.96291442 0.74016143 0.72337184 0.40926300 0.66539945 0.45238039 0.38158806 0.45270326 0.42583500 0.32037329 0.33863012 0.29594080 0.27331355 0.26526358 0.28735566 0.25891613 0.20140917 0.19446279 0.17758095 0.16687208 0.16799851 0.21606427 0.15682404 0.20202729 0.27075195 0.13321692 0.18776094 0.13059361 0.18367055 0.19680825 0.21130408 0.24237415 0.10118274 0.22261561 0.07949569 0.22986512 0.12394645 0.12225909 0.21676890 0.26006576 0.17601728 0.26844785 0.16388213 0.20300893 0.27926423 0.19810389 0.26167386 0.17171408 0.25692797 0.15943079 0.10206385 0.05882429 0.10778635 0.23536230 0.07248235 0.12030739 0.12030636 0.24696892 0.24811835 0.11629129 0.15244195 0.20748836 0.21579050 0.13456041 0.10692228 0.10613068 0.16049503 0.14767543 0.18067734 0.15731416 0.20501554 0.21976997 0.08224688 0.20935121 0.19418604 0.16286758 0.13950532 0.41903272 0.22492220 0.39149570 0.17195845 0.24127498 0.22855001 0.24894205 0.28969902 0.28864932 0.31164965 0.20915942 0.30569184 
0.41676999 0.45134132 0.57926511 0.54779158 0.59661853 0.54881079 0.68418645 0.96291442 0.00000000 1.08459050 0.87613758 0.67487906 0.61107986 0.67715668 0.47463464 0.34366449 0.38223054 0.39319955 0.36860448 0.22275817 0.25995723 0.20894959 0.35025242 0.21676298 0.22225453 0.22511358 0.16348636 0.22741770 0.21849930 0.23322416 0.19940839 0.21478975 0.18237893 0.18596582 0.19245815 0.10231283 0.22677329 0.18941312 0.22554779 0.17247689 0.13807598 0.21600411 0.15594624 0.19117275 0.09305969 0.22912817 0.21874157 0.13217636 0.09477958 0.13738303 0.26811919 0.32036576 0.22563409 0.14507840 0.19351843 0.22965004 0.09168372 0.11598704 0.18390740 0.15338560 0.12195362 0.09615097 0.05270098 0.15374264 0.25382820 0.17881394 0.18293077 0.16635658 0.11911545 0.21086216 0.27373211 0.14923889 0.09055967 0.08538198 0.12343724 0.19588957 0.22784550 0.09624521 0.31402319 0.17872965 0.11546658 0.14730172 0.24539471 0.20519886 0.29081509 0.22984123 0.26327992 0.15255907 0.29296555 0.18357051 0.18141056 0.18473198 0.26821587 0.26503736 0.17670175 0.22907550 0.26664871 
0.29757475 0.29530764 0.36887683 0.45695426 0.45151431 0.51281096 0.68219924 0.74016143 1.08459050 0.00000000 1.04495962 0.94880914 0.71951428 0.53839268 0.51420858 0.39504700 0.45159171 0.32212528 0.27369326 0.30315205 0.29693517 0.34507054 0.24648957 0.18182833 0.25633198 0.21970168 0.19840812 0.24932502 0.07846211 0.17677974 0.24394814 0.38724292 0.22611835 0.23911793 0.19914839 0.13719514 0.15562027 0.20476260 0.23660987 0.13499165 0.15257053 0.25478962 0.21092117 0.23951214 0.13903427 0.24921735 0.24894238 0.13930621 0.18553810 0.15253206 0.23514442 0.16388412 0.20825473 0.22033813 0.28136804 0.18173058 0.09557559 0.05548069 0.16574698 0.16289188 0.07106035 0.09908532 0.12191006 0.15986696 0.22253064 0.28980197 0.12918389 0.27138980 0.20393504 0.14049010 0.25023396 0.15048086 0.12975046 0.20702617 0.11836221 0.15055842 0.22948222 0.16966697 0.20759160 0.16714599 0.18497432 0.08772715 0.19918413 0.15594500 0.21705332 0.27526403 0.25702176 0.28565254 0.16739154 0.20119130 0.21995814 0.10861995 0.18243578 0.29048115 0.18411433 0.16924966 0.21735698 
0.26136261 0.36100542 0.39132248 0.47568336 0.56139252 0.49083773 0.39986847 0.72337184 0.87613758 1.04495962 0.00000000 0.87815482 1.06807518 0.59945273 0.51591870 0.39368042 0.41354502 0.37967950 0.32938976 0.31599182 0.37629572 0.27095038 0.29354634 0.19855273 0.21345266 0.23928034 0.19084815 0.20408112 0.21991821 0.31497376 0.20105532 0.18607121 0.22644026 0.19680917 0.13550134 0.14460288 0.24747428 0.22840693 0.23533327 0.17423999 0.19736108 0.20076562 0.17737431 0.22899273 0.06545383 0.12284200 0.23000491 0.15988573 0.22467807 0.19381418 0.17486740 0.21647141 0.25724314 0.25586641 0.20022392 0.10440006 0.18275431 0.14857880 0.19912133 0.12244043 0.09067680 0.06464173 0.19340081 0.10954494 0.24535246 0.23879325 0.18688708 0.14255784 0.22755250 0.14480570 0.23149201 0.21288180 0.10784764 0.05880405 0.14337888 0.17247197 0.22789204 0.13980233 0.11391184 0.16092404 0.10397673 0.22551697 0.21079485 0.12668635 0.14813468 0.25888280 0.22271829 0.23689023 0.18458550 0.21331857 0.19729505 0.17535933 0.36589545 0.25960275 0.26016138 0.23224087 0.24675611 
0.28381877 0.35893356 0.42414540 0.36919086 0.53203985 0.45612101 0.66039583 0.40926300 0.67487906 0.94880914 0.87815482 0.00000000 1.11349869 0.75806482 0.67175556 0.46001772 0.31978206 0.38833640 0.36200020 0.31268327 0.33730874 0.36611488 0.23634800 0.35319753 0.19951138 0.16262167 0.11004054 0.13498846 0.15333850 0.22732215 0.18272315 0.30031196 0.21236441 0.17860000 0.14251435 0.11390945 0.16975055 0.05852609 0.23265229 0.19034040 0.19485501 0.17286527 0.26637988 0.23076262 0.10697859 0.18792577 0.22575425 0.16903462 0.13281100 0.32319181 0.21922552 0.32473182 0.21378752 0.19741619 0.19587367 0.08934234 0.18139979 0.17142256 0.19651710 0.15835893 0.14562707 0.18144641 0.14247818 0.05246477 0.16104538 0.22665016 0.14248943 0.16526063 0.07998895 0.26917911 0.27876939 0.14542855 0.07685631 0.14604601 0.12213652 0.11030762 0.22540130 0.09534265 0.24776119 0.18479912 0.19492000 0.21001938 0.19842629 0.24013773 0.20338142 0.17141362 0.24305881 0.26168098 0.19321662 0.16629930 0.25333546 0.20053555 0.24526428 0.28774754 0.23383428 0.24900890 0.26517935 
0.27384841 0.37034519 0.28346466 0.41233737 0.54900470 0.53933855 0.40449091 0.66539945 0.61107986 0.71951428 1.06807518 1.11349869 0.00000000 0.77130225 0.64144302 0.38209354 0.47862674 0.43344833 0.29245723 0.30939693 0.40684970 0.32673493 0.25809248 0.24083140 0.37393624 0.27962684 0.20964988 0.16407584 0.20648100 0.34604012 0.24628746 0.23774241 0.23788048 0.25270990 0.19584169 0.10581152 0.16384437 0.04102546 0.22944942 0.20013377 0.21995569 0.16998248 0.08542844 0.20364141 0.16226101 0.10927036 0.20804738 0.20875276 0.18253695 0.19625512 0.11152208 0.21830328 0.29345056 0.19386535 0.34493600 0.06280859 0.07655808 0.12122354 0.17231929 0.20576946 0.16544395 0.00677185 0.18607114 0.05400665 0.21986467 0.16251138 0.15701621 0.08452498 0.10500910 0.27501104 0.20561479 0.26337095 0.08208992 0.18467851 0.10326488 0.09395564 0.18921918 0.09278937 0.18696219 0.22965041 0.16956524 0.18685233 0.21627312 0.17349486 0.17640173 0.34085845 0.21432328 0.31942787 0.16320894 0.23406869 0.28772372 0.24162360 0.16320878 0.32133965 0.19030847 0.27636226 0.26134293 
0.26382269 0.37905813 0.38272642 0.42862438 0.36788755 0.50132064 0.47323843 0.45238039 0.67715668 0.53839268 0.59945273 0.75806482 0.77130225 0.00000000 0.90048313 0.55519305 0.51329164 0.38176608 0.40182158 0.44072703 0.38796527 0.32042641 0.33123337 0.30821574 0.28987015 0.19485697 0.27049040 0.11250350 0.15569390 0.28505740 0.35680729 0.23287361 0.42107380 0.18011907 0.13131442 0.17837555 0.22678068 0.10877348 0.24249615 0.14069762 0.14383891 0.20374163 0.13537943 0.21368063 0.12341758 0.12005907 0.23093681 0.14449148 0.24206583 0.19427741 0.21333491 0.24169396 0.29936136 0.21329925 0.29222376 0.25886018 0.10541728 0.07961676 0.17147340 0.12493136 0.10811965 0.08482806 0.04820459 0.05823524 0.23697209 0.26996377 0.18418396 0.15280533 0.11869737 0.22733424 0.25207853 0.14984823 0.16194354 0.18438777 0.14106267 0.10407561 0.23197452 0.11304692 0.12311687 0.14059278 0.23265990 0.36329372 0.11334193 0.21647072 0.20547193 0.23704502 0.16519674 0.23002468 0.18703468 0.19301909 0.33623952 0.25463868 0.25273272 0.30272191 0.26413049 0.27587281 0.26674570 
0.36539210 0.36352887 0.32212977 0.66056631 0.34861838 0.78813346 0.47444235 0.38158806 0.47463464 0.51420858 0.51591870 0.67175556 0.64144302 0.90048313 0.00000000 0.84161021 0.70518399 0.44796599 0.47523953 0.40063080 0.44097038 0.33963661 0.29785301 0.29813058 0.19357661 0.18877940 0.16711261 0.24662549 0.24405397 0.21219044 0.28047505 0.24676703 0.24548702 0.25099959 0.15954305 0.11978513 0.11103644 0.05936681 0.24427565 0.15601425 0.19469487 0.27620671 0.01090911 0.26541216 0.11844230 0.18865237 0.26266942 0.13618174 0.04335900 0.21555525 0.20111904 0.17202704 0.23142536 0.22662484 0.22850752 0.11038096 0.17801334 0.12468925 0.17273217 0.12962923 0.09920787 0.20108528 0.03009361 0.24663838 0.15839101 0.14812614 0.18497634 0.14496179 0.22703544 0.19522073 0.21508335 0.12474560 0.15640486 0.10986858 0.12266646 0.10350028 0.20608361 0.16044772 0.12254088 0.18647199 0.19958807 0.30430111 0.19691982 0.24573142 0.19916767 0.23419025 0.29826815 0.18343455 0.23646860 0.28957695 0.20819688 0.20861700 0.28910095 0.28151020 0.24002223 0.28986174 0.22342244 
0.25671794 0.31528423 0.36070663 0.33581512 0.33198314 0.30933497 0.59708459 0.45270326 0.34366449 0.39504700 0.39368042 0.46001772 0.38209354 0.55519305 0.84161021 0.00000000 0.70416647 0.68266359 0.43643314 0.44671971 0.40706321 0.46605863 0.38034829 0.34518380 0.23210689 0.23529888 0.64044337 0.45830855 0.23368192 0.33809586 0.44667767 0.27622747 0.35747978 0.25433915 0.25348170 0.14925288 0.11668091 0.23897365 0.25769146 0.19610050 0.06810468 0.27425138 0.12760650 0.25870370 0.23080681 0.11779260 0.27270229 0.17547168 0.09797893 0.13447164 0.12783619 0.18392095 0.18467466 0.22088422 0.22172613 0.25629868 0.13524749 0.14973997 0.15617613 0.22940251 0.12523610 0.19440486 0.07514125 0.12697173 0.18357773 0.17155875 0.12563027 0.12299851 0.20048303 0.17477551 0.17180879 0.15862200 0.17680254 0.07643309 0.13289692 0.09379808 0.26031314 0.30489286 0.19859684 0.11894568 0.20613456 0.16268903 0.18592622 0.17768690 0.27337801 0.28267733 0.26867385 0.20187854 0.27244300 0.15336229 0.18984209 0.20843691 0.19159254 0.26413555 0.20836501 0.28206150 0.26536944 
0.34988946 0.40402529 0.34452573 0.76857933 0.25964910 0.32879957 0.38794207 0.42583500 0.38223054 0.45159171 0.41354502 0.31978206 0.47862674 0.51329164 0.70518399 0.70416647 0.00000000 0.60409723 0.71145732 0.55402628 0.47827966 0.40081486 0.28666585 0.27494951 0.19286947 0.16940505 0.21601512 0.13527896 0.23396704 0.23754467 0.44744115 0.27577031 0.20824101 0.27031911 0.19661622 0.20913333 0.21750636 0.10403420 0.21620243 0.24031725 0.09540850 0.20206763 0.09906144 0.22722403 0.14443077 0.29851226 0.22401899 0.18827724 0.07615432 0.22043310 0.12058883 0.25315833 0.32299365 0.20144316 0.18175901 0.21672059 0.27610313 0.17429017 0.20332832 0.16595558 0.13013350 0.18894899 0.12566610 0.20927333 0.30836050 0.35654983 0.21359982 0.15753709 0.21865843 0.35955605 0.27807247 0.26507463 0.07898460 0.09532462 0.13463409 0.08778284 0.22222158 0.13796644 0.07378437 0.23020577 0.21137450 0.26890349 0.22995786 0.28196894 0.21930615 0.23388985 0.10877847 0.16454190 0.23036403 0.26301188 0.16114437 0.19285716 0.25609380 0.24649944 0.21592941 0.26347877 0.28406964 
0.32011006 0.29246562 0.34819550 0.33746448 0.60315503 0.33691944 0.40434370 0.32037329 0.39319955 0.32212528 0.37967950 0.38833640 0.43344833 0.38176608 0.44796599 0.68266359 0.60409723 0.00000000 0.74611623 0.59058161 0.56401298 0.54160726 0.42287342 0.46989837 0.24193937 0.32370765 0.59877994 0.32414447 0.15623308 0.36387253 0.29770986 0.15176589 0.24465646 0.25950382 0.16305775 0.14240783 0.13716686 0.28754735 0.25073244 0.18905102 0.20542700 0.26924382 0.17082532 0.27218634 0.15093668 0.13607716 0.29410697 0.17830573 0.14784901 0.20855066 0.16167017 0.11177635 0.23112194 0.20607918 0.22142475 0.18803579 0.17528675 0.16692125 0.21970466 0.18932825 0.11116265 0.14656435 0.12085387 0.07578399 0.12504511 0.10658230 0.17463940 0.16266781 0.16632742 0.24168112 0.22098678 0.07637566 0.12493795 0.01871252 0.20124482 0.05109310 0.26587310 0.16648881 0.24491518 0.34974676 0.69995093 0.21725085 0.24902056 0.20519421 0.24124765 0.10589096 0.17000771 0.33223442 0.17153230 0.15178563 0.19780279 0.16177278 0.17242634 0.23481779 0.23975498 0.28729242 0.23536125 
0.32848849 0.27397786 0.27902322 0.34000386 0.28811301 0.32570191 0.24093177 0.33863012 0.36860448 0.27369326 0.32938976 0.36200020 0.29245723 0.40182158 0.47523953 0.43643314 0.71145732 0.74611623 0.00000000 0.80838618 0.96052224 1.20083644 0.41217469 0.17314063 0.29939701 0.34591457 0.54422312 0.13162209 0.22552530 0.32924076 0.28871627 0.20283885 0.16883481 0.34696433 0.08013781 0.19474999 0.08622886 0.12266900 0.20312231 0.13236248 0.17871569 0.27097138 0.09020753 0.19295908 0.08512959 0.07843880 0.22590957 0.22329291 0.08938570 0.19080167 0.16462662 0.32121483 0.24181879 0.16960443 0.38779030 0.17893294 0.17586014 0.28627753 0.28853134 0.23057740 0.08480949 0.14075821 0.07838863 0.10295360 0.19222002 0.22645011 0.24638146 0.12623825 0.18420924 0.23282264 0.13984309 0.20020794 0.18302646 0.12715719 0.05967451 0.06834698 0.20217639 0.21130068 0.14126075 0.40163873 0.15797174 0.26868541 0.12207467 0.29422412 0.26555984 0.24024345 0.24925761 0.27500455 0.24538946 0.26940659 0.25455211 0.26974770 0.19182004 0.28660034 0.25245135 0.21773663 0.29978847 
0.29659594 0.25877181 0.45723326 0.37656843 0.31716773 0.26219505 0.28088643 0.29594080 0.22275817 0.30315205 0.31599182 0.31268327 0.30939693 0.44072703 0.40063080 0.44671971 0.55402628 0.59058161 0.80838618 0.00000000 0.94370830 0.62387180 0.41365987 0.36285482 0.22897412 0.29836008 0.26953891 0.26091535 0.15930385 0.32984070 0.30720354 0.29112139 0.20787852 0.27836491 0.23515461 0.17978825 0.11593298 0.16146963 0.24194973 0.29603586 0.17104290 0.27264230 0.17897259 0.21281284 0.20041541 0.17970488 0.23435420 0.15444020 0.14511566 0.30111308 0.06932340 0.18703541 0.26542526 0.23266975 0.29230410 0.26838221 0.17159134 0.14509051 0.25806609 0.32566760 0.19518659 0.33402492 0.06062026 0.16017117 0.31042715 0.34022778 0.23346323 0.15328901 0.18764374 0.20956951 0.19553637 0.22250101 0.17994225 0.00000000 0.25068289 0.14469025 0.24944491 0.18460214 0.23937661 0.27390871 0.26682883 0.34228361 0.29106811 0.31351883 0.21402779 0.19148403 0.16695693 0.21331098 0.19096742 0.15975451 0.19602097 0.21597803 0.24684376 0.27261103 0.19903778 0.19465726 0.20098842 
0.28282660 0.30321141 0.32445083 0.30914100 0.24830883 0.33247736 0.26468489 0.27331355 0.25995723 0.29693517 0.37629572 0.33730874 0.40684970 0.38796527 0.44097038 0.40706321 0.47827966 0.56401298 0.96052224 0.94370830 0.00000000 0.70641857 0.57684896 0.22617950 0.28337231 0.32537375 0.32178837 0.23827421 0.22612685 0.43423828 0.26825334 0.33672287 0.23487964 0.27180494 0.30329505 0.26254917 0.14932336 0.13701270 0.21459267 0.21436008 0.22630097 0.19612895 0.20947487 0.22394247 0.08709931 0.25685529 0.21428536 0.11840729 0.12541297 0.27083717 0.19117081 0.22795239 0.20795049 0.25848268 0.29657261 0.30584557 0.21443829 0.09991366 0.33215569 0.11979467 0.15267159 0.09781570 0.22750038 0.13927670 0.28818318 0.15785535 0.25432926 0.20134320 0.17675972 0.31598078 0.23702268 0.13364647 0.17204463 0.13699936 0.19318463 0.07763857 0.18313836 0.20392388 0.06195910 0.41414977 0.26781375 0.39289745 0.14370491 0.37256930 0.09498269 0.15650215 0.20824114 0.14593604 0.19993284 0.20852268 0.19155895 0.19617946 0.19195246 0.16516536 0.18393743 0.24701885 0.25951124 
0.25398961 0.24107877 0.20846055 0.17623268 0.20437814 0.27079914 0.30720387 0.26526358 0.20894959 0.34507054 0.27095038 0.36611488 0.32673493 0.32042641 0.33963661 0.46605863 0.40081486 0.54160726 1.20083644 0.62387180 0.70641857 0.00000000 0.82339753 0.33311696 0.22073480 0.56204605 0.81596143 0.27634653 0.19864900 1.71597098 0.36546314 0.18246694 0.23615476 0.23175653 0.17598752 0.21314317 0.18702247 0.23983064 0.19023080 0.21770882 0.21334448 0.20110153 0.14894001 0.18238576 0.23097943 0.18683923 0.17721804 0.11638321 0.14963278 0.21373986 0.20704301 0.25228812 0.24286492 0.24208291 0.13852960 0.11990351 0.17630716 0.07674033 0.17558910 0.13462293 0.18350592 0.10884446 0.04567928 0.19213491 0.20094257 0.24576137 0.13030903 0.11398949 0.29779211 0.12950953 0.16670725 0.20095259 0.20922242 0.09321454 0.22535325 0.16347384 0.20540979 0.09296309 0.12276490 0.31824162 0.23558129 0.17641827 0.15231107 0.21412340 0.25153486 0.16584722 0.24325926 0.20757272 0.17964874 0.21858802 0.18329522 0.13061625 0.21112513 0.25710107 0.23679372 0.25469326 0.25011827 
0.24152469 0.34073186 0.19507568 0.30243982 0.24498631 0.30342884 0.23026114 0.28735566 0.35025242 0.24648957 0.29354634 0.23634800 0.25809248 0.33123337 0.29785301 0.38034829 0.28666585 0.42287342 0.41217469 0.41365987 0.57684896 0.82339753 0.00000000 0.46060823 0.47756375 0.76790866 0.35696164 0.30048117 0.41075474 0.29911970 0.17798980 0.26531368 0.19806965 0.18149290 0.23312881 0.18224889 0.19758117 0.20447018 0.28787393 0.26683333 0.18498880 0.34954591 0.25179959 0.35254363 0.25022432 0.18673389 0.32126344 0.18749670 0.25959124 0.27243734 0.12463025 0.21874087 0.26786625 0.21623203 0.22037934 0.19090169 0.19156056 0.18582463 0.27894266 0.29240069 0.18330732 0.27386045 0.17345196 0.19476175 0.23245946 0.17113717 0.28013195 0.16379335 0.19472975 0.28902774 0.16589732 0.26885944 0.19818220 0.16888591 0.08989465 0.17596472 0.26066648 0.28843235 0.29771360 0.34958759 0.31867699 0.25047226 0.22214776 0.10255148 0.17047005 0.19699564 0.27175615 0.16415539 0.25275447 0.20033382 0.12073558 0.23256068 0.22170404 0.19908869 0.21371639 0.20961612 0.30116494 
0.26197543 0.19431295 0.20499273 0.22174860 0.31527108 0.21666683 0.37930104 0.25891613 0.21676298 0.18182833 0.19855273 0.35319753 0.24083140 0.30821574 0.29813058 0.34518380 0.27494951 0.46989837 0.17314063 0.36285482 0.22617950 0.33311696 0.46060823 0.00000000 0.46201933 0.26008280 0.29844014 0.60855107 0.15107257 0.20921926 0.24342915 0.46898076 0.38693552 0.16636022 0.47670415 0.37292002 0.21254721 0.15050792 0.23107494 0.20514010 0.22890791 0.27843751 0.29581383 0.27199845 0.27299862 0.24808757 0.19413301 0.18468185 0.38833314 0.12558468 0.31045073 0.14633033 0.15831019 0.39320228 0.10059706 0.41158610 0.35028374 0.19201807 0.08770413 0.14193407 0.13089160 0.38086746 0.08704741 0.29144214 0.01316882 0.12984783 0.17237914 0.13066062 0.15074130 0.12541206 0.10237614 0.31877889 0.31008647 0.65253005 0.35217404 0.54565735 0.26385643 0.05791553 0.32142548 0.08790247 0.47908976 0.24070047 0.18331557 0.27695145 0.56006961 0.02392594 0.30001097 0.19925004 0.26724321 0.27404983 0.19131130 0.30635832 0.19389226 0.14485714 0.26672780 0.31933801 0.29580949 
0.25580743 0.27513570 0.24258109 0.21215119 0.21992023 0.26601266 0.13873390 0.20140917 0.22225453 0.25633198 0.21345266 0.19951138 0.37393624 0.28987015 0.19357661 0.23210689 0.19286947 0.24193937 0.29939701 0.22897412 0.28337231 0.22073480 0.47756375 0.46201933 0.00000000 0.27727889 0.26599067 0.37422800 0.61370101 0.28588173 0.23324385 0.28131351 0.25424819 0.28801299 0.48376896 0.34943543 1.49489131 0.14490359 0.33395778 0.48885653 0.26690783 0.27532861 0.35861260 0.25325709 0.15831602 0.28769269 0.25181079 0.34509310 0.23196234 0.27760550 0.32450918 0.24998691 0.19985457 0.22678127 0.15248374 0.21427107 0.16282740 0.19728068 0.12654332 0.10328765 0.20776515 0.17058484 0.19024289 0.28222115 0.16082652 0.21377767 0.19409898 0.16687299 0.15489534 0.19332655 0.14489249 0.24249625 0.14823653 0.24635857 0.30884116 0.36604127 0.27940372 0.27175463 0.23699476 0.22212564 0.30904023 0.22277547 0.19231742 0.19535019 0.17595236 0.23256611 0.31455920 0.22067860 0.22932341 0.18858015 0.14192010 0.23188049 0.22359369 0.18578689 0.23164512 0.26146615 0.25745237 
0.29012521 0.19273088 0.28736842 0.22146205 0.18905783 0.34245081 0.24518501 0.19446279 0.22511358 0.21970168 0.23928034 0.16262167 0.27962684 0.19485697 0.18877940 0.23529888 0.16940505 0.32370765 0.34591457 0.29836008 0.32537375 0.56204605 0.76790866 0.26008280 0.27727889 0.00000000 0.42952141 0.24105428 0.63892237 0.51023403 0.29865710 0.22598155 0.30317142 0.40249648 0.15594230 0.24220140 0.25811768 0.39928406 0.19094287 0.84440098 0.20791242 0.17503638 0.28532343 0.19010770 0.30525264 0.27575167 0.19678315 0.20515815 0.18645468 0.26491914 0.15895478 0.28495614 0.26412671 0.19928114 0.18627730 0.23967560 0.28056070 0.13735199 0.25383857 0.11920892 0.29970790 0.28731018 0.31122402 0.14534645 0.20970471 0.30664789 0.27832079 0.26146591 0.35921955 0.27908445 0.28013508 0.28321206 0.19080951 0.10791445 0.33662033 0.24288941 0.20706163 0.18161914 0.24591913 0.29345427 0.25749205 0.18536241 0.26401942 0.27165243 0.19704810 0.27588225 0.24237355 0.10221339 0.26475375 0.32695381 0.27737549 0.16617760 0.21877728 0.18728395 0.22362675 0.27009664 0.25419971 
0.19980670 0.15449518 0.22253863 0.11628370 0.26494641 0.16169309 0.18113115 0.17758095 0.16348636 0.19840812 0.19084815 0.11004054 0.20964988 0.27049040 0.16711261 0.64044337 0.21601512 0.59877994 0.54422312 0.26953891 0.32178837 0.81596143 0.35696164 0.29844014 0.26599067 0.42952141 0.00000000 0.49977819 0.41011613 0.50590134 1.01051799 0.25661178 0.36198663 0.22835208 0.43030774 0.33860185 0.28337937 0.30082762 0.25269797 0.27752127 0.27156145 0.30342430 0.27548958 0.25582076 0.24263052 0.25728227 0.27282735 0.14866221 0.18755345 0.15972113 0.10183602 0.22861942 0.13125055 0.24456470 0.19661410 0.21242778 0.30348496 0.21069483 0.19949958 0.21362269 0.23757714 0.13133304 0.17440315 0.26491743 0.28753722 0.13590954 0.21898599 0.09355541 0.19616629 0.25066796 0.15191806 0.23922126 0.19117900 0.16473420 0.15077404 0.27168116 0.19456113 0.26762514 0.07261079 0.45183044 0.48330317 0.15176816 0.25165998 0.39027442 0.26683157 0.26060430 0.25674822 0.34901829 0.21266629 0.22927040 0.18843483 0.21311168 0.20794825 0.26458936 0.31509181 0.19626953 0.26165187 
0.17810906 0.17562541 0.25046742 0.09414617 0.20188837 0.24253343 0.35471445 0.16687208 0.22741770 0.24932502 0.20408112 0.13498846 0.16407584 0.11250350 0.24662549 0.45830855 0.13527896 0.32414447 0.13162209 0.26091535 0.23827421 0.27634653 0.30048117 0.60855107 0.37422800 0.24105428 0.49977819 0.00000000 0.39112267 0.36090812 0.65253175 0.31581105 0.67547221 0.40527432 1.43045785 0.31172826 0.37456262 0.48783888 0.25801938 0.24478049 0.30704024 0.14333328 0.35459337 0.26233811 0.32696291 0.36569400 0.21234705 0.16286292 0.46143381 0.20089579 0.28697563 0.18330813 0.14036537 0.23013301 0.19679484 0.27887702 0.14423654 0.19459548 0.26956374 0.18371289 0.22340940 0.24101249 0.33997940 0.20773873 0.23631760 0.05783752 0.16579427 0.22884736 0.16733214 0.09260682 0.20136255 0.19156210 0.22577426 0.28313164 0.24585836 0.36226088 0.25432658 0.28971396 0.24495050 0.24078882 0.18355333 0.17635175 0.20373881 0.19229090 0.18897205 0.26644888 0.19541191 0.09901234 0.34741659 0.18790598 0.13983661 0.22823914 0.21502540 0.15733627 0.14871829 0.26009915 0.24600071 
0.26360223 0.18971307 0.12467728 0.08120241 0.26241613 0.30368592 0.14779913 0.16799851 0.21849930 0.07846211 0.21991821 0.15333850 0.20648100 0.15569390 0.24405397 0.23368192 0.23396704 0.15623308 0.22552530 0.15930385 0.22612685 0.19864900 0.41075474 0.15107257 0.61370101 0.63892237 0.41011613 0.39112267 0.00000000 0.43244550 0.34010384 0.27800985 0.33832212 0.45630359 0.48432552 0.32927338 1.22598475 0.45514378 0.20685715 1.46359893 0.37436683 0.19282160 0.37004175 0.23806145 0.15902744 0.36223742 0.23787600 0.33428817 0.20394940 0.37686158 0.30490654 0.22968321 0.13604472 0.17321042 0.23712238 0.08260073 0.19468162 0.15572236 0.37761764 0.18203117 0.19880076 0.25038534 0.19637634 0.16057459 0.11006323 0.20511184 0.16256561 0.18373703 0.18579068 0.24646972 0.26701558 0.20573249 0.24515988 0.19957038 0.38886661 0.14939688 0.19659632 0.41911683 0.13803960 0.42530760 0.17117251 0.20072199 0.26423573 0.15673312 0.13653570 0.18173497 0.23226753 0.04889920 0.29099435 0.18880560 0.21742973 0.22944050 0.34211462 0.20301165 0.26790652 0.21328947 0.21902361 
0.20731439 0.24350196 0.24322806 0.25592954 0.18619103 0.20992962 0.24501491 0.21606427 0.23322416 0.17677974 0.31497376 0.22732215 0.34604012 0.28505740 0.21219044 0.33809586 0.23754467 0.36387253 0.32924076 0.32984070 0.43423828 1.71597098 0.29911970 0.20921926 0.28588173 0.51023403 0.50590134 0.36090812 0.43244550 0.00000000 0.69569092 0.24162391 0.33349220 0.53785956 0.12720139 0.25547362 0.23003966 0.16388980 0.20387136 0.29885125 0.31794221 0.26755457 0.29906642 0.22027173 0.19484936 0.27187712 0.20880787 0.10725679 0.16306078 0.21929620 0.25008467 0.36262170 0.35049263 0.23705877 0.21035912 0.10740549 0.35267740 0.19437884 0.19629518 0.27428738 0.31389288 0.20963897 0.11703631 0.14886019 0.19728180 0.26237170 0.26578882 0.23743749 0.17152285 0.27231268 0.28337713 0.29964701 0.23622337 0.15169743 0.32301020 0.16592512 0.20504663 0.12224169 0.21387783 0.22672742 0.14249000 0.16630406 0.22572250 0.28047769 0.12958101 0.20867965 0.29759821 0.21541512 0.15925293 0.14700554 0.23017237 0.22504142 0.19413482 0.22206079 0.20536443 0.28361390 0.23744821 
0.31679911 0.22738394 0.24766872 0.28722906 0.25869191 0.21162610 0.10455476 0.15682404 0.19940839 0.24394814 0.20105532 0.18272315 0.24628746 0.35680729 0.28047505 0.44667767 0.44744115 0.29770986 0.28871627 0.30720354 0.26825334 0.36546314 0.17798980 0.24342915 0.23324385 0.29865710 1.01051799 0.65253175 0.34010384 0.69569092 0.00000000 0.69444550 0.77426105 0.25732519 0.28522805 0.28286044 0.26370395 0.15404086 0.20337612 0.15588557 0.27582548 0.30116809 0.28658549 0.22952479 0.25187844 0.11008804 0.17758526 0.24665086 0.22954864 0.33721090 0.19839085 0.21402902 0.27915122 0.25791750 0.39376276 0.22227039 0.19109408 0.19932610 0.16727583 0.22972953 0.25169665 0.14873951 0.21570725 0.23758365 0.18654514 0.25980385 0.31175544 0.20021271 0.26703513 0.26093098 0.24962645 0.23514077 0.24059964 0.30593656 0.23036478 0.21360414 0.16920250 0.22768050 0.14167119 0.23471778 0.22440494 0.20320663 0.13160706 0.27202333 0.19150646 0.20942443 0.37275986 0.13550679 0.19317135 0.22123892 0.23557565 0.19039455 0.21304072 0.27092153 0.24198565 0.26179910 0.24997374 
0.32403814 0.19270641 0.22820239 0.16305017 0.25320304 0.22868892 0.24755141 0.20202729 0.21478975 0.38724292 0.18607121 0.30031196 0.23774241 0.23287361 0.24676703 0.27622747 0.27577031 0.15176589 0.20283885 0.29112139 0.33672287 0.18246694 0.26531368 0.46898076 0.28131351 0.22598155 0.25661178 0.31581105 0.27800985 0.24162391 0.69444550 0.00000000 1.07833338 0.52467092 0.32304042 0.21487041 0.35595985 0.27618423 0.33537372 0.27155376 0.31280587 0.22667062 0.36406901 0.23821190 0.20564578 0.30130879 0.23985915 0.25679826 0.21489658 0.22123598 0.31762585 0.25626766 0.41716240 0.27132308 0.06221448 0.23493065 0.27301346 0.13384941 0.19811725 0.31504350 0.30641360 0.18315881 0.23051750 0.10259292 0.15815184 0.20731348 0.30300127 0.18041289 0.25636351 0.19942385 0.33475508 0.22115611 0.17241581 0.25346191 0.17018717 0.19093544 0.25141697 0.13811906 0.24141232 0.37325096 0.27494799 0.27514057 0.29257363 0.23443574 0.21105563 0.26345622 0.32369619 0.21513145 0.22559781 0.26144104 0.20543896 0.25367484 0.25132883 0.20698990 0.18931134 0.20586024 0.25271816 
0.29486389 0.16402133 0.32333374 0.14696883 0.27853020 0.30659634 0.24767111 0.27075195 0.18237893 0.22611835 0.22644026 0.21236441 0.23788048 0.42107380 0.24548702 0.35747978 0.20824101 0.24465646 0.16883481 0.20787852 0.23487964 0.23615476 0.19806965 0.38693552 0.25424819 0.30317142 0.36198663 0.67547221 0.33832212 0.33349220 0.77426105 1.07833338 0.00000000 0.43898232 0.98827687 0.30167461 0.45911129 0.22868885 0.26694695 0.12285206 0.35624431 0.23474510 0.39835560 0.25956442 0.16754672 0.32731558 0.29870403 0.20901014 0.21407791 0.26843800 0.18210396 0.15946280 0.19945075 0.19836113 0.26223468 0.11090317 0.26140399 0.17567686 0.26642442 0.23795620 0.19097931 0.16357309 0.11502926 0.11363650 0.10971720 0.22503848 0.26828231 0.14997944 0.30694607 0.20400318 0.21780232 0.30683175 0.22998060 0.18562199 0.21364604 0.29495876 0.23638579 0.22373284 0.28646054 0.21340088 0.22942772 0.24111190 0.17724748 0.30437700 0.13808690 0.21646774 0.29608167 0.25731997 0.24918244 0.16551108 0.18009074 0.19986794 0.22704689 0.12765853 0.25718105 0.24327647 0.25604167 
0.22936445 0.28150443 0.24719263 0.22138297 0.16810105 0.22896036 0.30601983 0.13321692 0.18596582 0.23911793 0.19680917 0.17860000 0.25270990 0.18011907 0.25099959 0.25433915 0.27031911 0.25950382 0.34696433 0.27836491 0.27180494 0.23175653 0.18149290 0.16636022 0.28801299 0.40249648 0.22835208 0.40527432 0.45630359 0.53785956 0.25732519 0.52467092 0.43898232 0.00000000 0.62453617 0.70676860 0.65864261 0.50270899 0.18677348 0.36351103 0.47558137 0.16162060 0.30712073 0.19380827 0.23465991 0.35484277 0.18393303 0.32575402 0.33063825 0.26969879 0.18784528 0.23981045 0.22619082 0.16991874 0.11789353 0.08990782 0.14457471 0.12831971 0.29939753 0.36858437 0.40434701 0.24846648 0.19352369 0.24695159 0.43627174 0.23801567 0.35579711 0.19300359 0.26935336 0.30791213 0.30916150 0.32822174 0.33864026 0.22868275 0.15582143 0.36031885 0.17615096 0.24131820 0.13183973 0.28202225 0.33814308 0.19371364 0.13684411 0.23001824 0.23642122 0.10589550 0.27068059 0.19755741 0.17360002 0.28516663 0.16477203 0.26705211 0.26002426 0.21723996 0.20662534 0.23667811 0.29109407 
0.21019644 0.20861069 0.18932932 0.23697970 0.18346545 0.18547836 0.11682176 0.18776094 0.19245815 0.19914839 0.13550134 0.14251435 0.19584169 0.13131442 0.15954305 0.25348170 0.19661622 0.16305775 0.08013781 0.23515461 0.30329505 0.17598752 0.23312881 0.47670415 0.48376896 0.15594230 0.43030774 1.43045785 0.48432552 0.12720139 0.28522805 0.32304042 0.98827687 0.62453617 0.00000000 0.60309387 0.51540025 0.21315746 0.33422160 0.24887854 0.29574817 0.21250676 0.33050718 0.25031012 0.50016229 0.45265693 0.23982285 0.32665324 0.54918256 0.25135480 0.31312740 0.22381589 0.21024139 0.21478708 0.11731958 0.10351771 0.16786496 0.18876913 0.21077795 0.22727233 0.20622065 0.16296037 0.11974906 0.17518479 0.10847225 0.25481908 0.41080507 0.18052447 0.13598225 0.27205052 0.29689230 0.16968098 0.18099753 0.21104613 0.25362379 0.89272891 0.19138604 0.22930798 0.39290138 0.24700285 0.28563580 0.22600153 0.12914243 0.21557833 0.18129074 0.19507073 0.16940961 0.14060524 0.27277125 0.17358716 0.23339847 0.26252696 0.13312673 0.15696982 0.16798768 0.15892024 0.19777676 
0.19631755 0.22713332 0.18420257 0.14257839 0.17880969 0.13374452 0.14744776 0.13059361 0.10231283 0.13719514 0.14460288 0.11390945 0.10581152 0.17837555 0.11978513 0.14925288 0.20913333 0.14240783 0.19474999 0.17978825 0.26254917 0.21314317 0.18224889 0.37292002 0.34943543 0.24220140 0.33860185 0.31172826 0.32927338 0.25547362 0.28286044 0.21487041 0.30167461 0.70676860 0.60309387 0.00000000 0.54589535 0.69876243 0.20691768 0.36079006 0.37155776 0.34619041 0.46313173 0.20259846 0.22204488 0.75534410 0.20798840 0.47021994 0.28618936 0.25007842 0.32874817 0.23970106 0.35103426 0.27130198 0.33666311 0.17763900 0.24700742 0.29656193 0.28775505 0.17535454 0.44321092 0.19545886 0.38401756 0.20474885 0.23205094 0.19798242 0.21808054 0.22756810 0.21609882 0.37144800 0.22272901 0.34621099 0.36199388 0.13773177 0.21172803 0.30696952 0.20825075 0.38985053 0.19214435 0.24718342 0.33814542 0.22715383 0.22792655 0.29346556 0.27219558 0.25631921 0.29568843 0.26407868 0.28593396 0.26779347 0.20933379 0.25383142 0.17549008 0.21100501 0.25740875 0.20642543 0.20597613 
0.16251259 0.17942861 0.27375647 0.20835086 0.19294165 0.24291522 0.17038002 0.18367055 0.22677329 0.15562027 0.24747428 0.16975055 0.16384437 0.22678068 0.11103644 0.11668091 0.21750636 0.13716686 0.08622886 0.11593298 0.14932336 0.18702247 0.19758117 0.21254721 1.49489131 0.25811768 0.28337937 0.37456262 1.22598475 0.23003966 0.26370395 0.35595985 0.45911129 0.65864261 0.51540025 0.54589535 0.00000000 0.58366818 0.29614427 0.76603527 0.46161649 0.34688162 0.71396440 0.21011289 0.32737664 0.40716480 0.19192431 0.14172468 0.29160357 0.25280126 0.18134351 0.17938243 0.13600354 0.10357559 0.13936793 0.27457504 0.07142200 0.15574506 0.26378694 0.34786490 0.29827418 0.22512098 0.36086421 0.24580820 0.17938339 0.07005514 0.05776137 0.26341565 0.29914155 0.10681346 0.19095386 0.23487068 0.22647149 0.12517781 0.39426286 0.30621750 0.20623808 0.46015983 0.36603475 0.15094256 0.11097287 0.13817571 0.26060494 0.20230350 0.10644879 0.21849450 0.15226602 0.13798882 0.17844626 0.30003772 0.28612070 0.20319407 0.21268198 0.29879415 0.16915737 0.24930891 0.16180672 
